Freq	Power
[Hz]	[dB]
0.000	-42.543
0.244	-45.465
0.488	-72.652
0.732	-71.807
0.977	-72.393
1.221	-75.595
1.465	-76.032
1.709	-66.756
1.953	-66.632
2.197	-80.033
2.441	-76.998
2.686	-76.903
2.930	-76.742
3.174	-79.671
3.418	-69.703
3.662	-69.320
3.906	-69.711
4.150	-75.101
4.395	-77.567
4.639	-76.925
4.883	-79.713
5.127	-74.341
5.371	-81.797
5.615	-82.743
5.859	-85.396
6.104	-83.953
6.348	-79.571
6.592	-80.547
6.836	-82.917
7.080	-90.501
7.324	-77.697
7.568	-78.957
7.812	-86.889
8.057	-83.032
8.301	-78.890
8.545	-82.559
8.789	-95.679
9.033	-85.692
9.277	-79.542
9.521	-83.171
9.766	-88.881
10.010	-88.325
10.254	-83.190
10.498	-88.184
10.742	-86.137
10.986	-81.229
11.230	-89.434
11.475	-88.535
11.719	-89.075
11.963	-87.642
12.207	-86.018
12.451	-91.734
12.695	-81.197
12.939	-80.675
13.184	-82.008
13.428	-83.498
13.672	-81.041
13.916	-79.216
14.160	-83.576
14.404	-99.715
14.648	-87.203
14.893	-76.573
15.137	-72.942
15.381	-77.403
15.625	-87.558
15.869	-100.909
16.113	-91.359
16.357	-94.119
16.602	-87.935
16.846	-79.187
17.090	-75.227
17.334	-78.182
17.578	-85.090
17.822	-88.329
18.066	-85.933
18.311	-88.711
18.555	-91.252
18.799	-91.527
19.043	-85.770
19.287	-86.732
19.531	-91.702
19.775	-93.423
20.020	-85.868
20.264	-88.891
20.508	-91.575
20.752	-92.382
20.996	-89.674
21.240	-86.981
21.484	-87.803
21.729	-86.686
21.973	-87.897
22.217	-85.321
22.461	-91.104
22.705	-79.755
22.949	-80.901
23.193	-77.593
23.437	-84.702
23.682	-81.001
23.926	-81.859
24.170	-93.024
24.414	-89.515
24.658	-81.654
24.902	-68.269
25.146	-68.731
25.391	-81.996
25.635	-87.552
25.879	-89.827
26.123	-85.255
26.367	-82.551
26.611	-81.731
26.855	-86.583
27.100	-82.196
27.344	-89.185
27.588	-89.170
27.832	-83.346
28.076	-84.801
28.320	-84.025
28.564	-78.474
28.809	-87.269
29.053	-84.831
29.297	-86.901
29.541	-92.458
29.785	-89.465
30.029	-86.615
30.273	-92.854
30.518	-84.796
30.762	-82.795
31.006	-99.927
31.250	-84.937
31.494	-84.671
31.738	-85.846
31.982	-84.906
32.227	-88.123
32.471	-95.560
32.715	-84.850
32.959	-84.838
33.203	-89.075
33.447	-86.050
33.691	-97.708
33.936	-94.015
34.180	-90.895
34.424	-82.097
34.668	-71.734
34.912	-59.913
35.156	-60.676
35.400	-77.467
35.645	-80.135
35.889	-90.534
36.133	-89.032
36.377	-93.546
36.621	-80.242
36.865	-71.189
37.109	-72.115
37.354	-87.237
37.598	-77.051
37.842	-75.317
38.086	-83.637
38.330	-84.587
38.574	-73.764
38.818	-72.386
39.062	-71.803
39.307	-76.973
39.551	-79.141
39.795	-75.663
40.039	-77.604
40.283	-80.704
40.527	-85.251
40.771	-85.043
41.016	-90.431
41.260	-85.965
41.504	-82.351
41.748	-93.574
41.992	-80.685
42.236	-79.122
42.480	-73.504
42.725	-77.453
42.969	-70.916
43.213	-68.385
43.457	-64.833
43.701	-59.414
43.945	-54.190
44.189	-46.681
44.434	-36.677
44.678	-16.255
44.922	-5.609
45.166	-7.711
45.410	-26.209
45.654	-40.747
45.898	-49.872
46.143	-56.256
46.387	-61.044
46.631	-66.868
46.875	-67.843
47.119	-73.227
47.363	-76.093
47.607	-78.318
47.852	-83.642
48.096	-79.187
48.340	-82.455
48.584	-87.091
48.828	-82.601
49.072	-89.018
49.316	-85.215
49.561	-88.173
49.805	-87.097
50.049	-81.478
50.293	-79.722
50.537	-85.452
50.781	-101.707
51.025	-84.659
51.270	-86.205
51.514	-77.914
51.758	-78.397
52.002	-79.154
52.246	-77.295
52.490	-86.922
52.734	-92.276
52.979	-84.344
53.223	-99.096
53.467	-83.421
53.711	-78.954
53.955	-83.740
54.199	-82.634
54.443	-81.035
54.687	-71.075
54.932	-58.955
55.176	-61.394
55.420	-84.905
55.664	-87.884
55.908	-84.072
56.152	-90.733
56.396	-93.884
56.641	-97.458
56.885	-82.952
57.129	-82.100
57.373	-78.717
57.617	-87.506
57.861	-80.977
58.105	-77.014
58.350	-80.101
58.594	-91.487
58.838	-84.465
59.082	-79.958
59.326	-77.359
59.570	-78.712
59.814	-86.678
60.059	-82.163
60.303	-91.503
60.547	-89.165
60.791	-76.020
61.035	-78.553
61.279	-82.503
61.523	-79.527
61.768	-79.329
62.012	-83.166
62.256	-83.249
62.500	-83.267
62.744	-86.909
62.988	-77.046
63.232	-79.421
63.477	-84.205
63.721	-82.746
63.965	-99.296
64.209	-85.518
64.453	-81.011
64.697	-78.344
64.941	-69.252
65.186	-72.485
65.430	-90.051
65.674	-92.817
65.918	-83.830
66.162	-80.432
66.406	-80.096
66.650	-77.728
66.895	-81.920
67.139	-84.030
67.383	-95.464
67.627	-85.362
67.871	-80.239
68.115	-85.030
68.359	-86.325
68.604	-87.362
68.848	-93.171
69.092	-90.794
69.336	-84.589
69.580	-88.320
69.824	-83.158
70.068	-83.110
70.312	-85.025
70.557	-84.778
70.801	-89.871
71.045	-94.948
71.289	-102.356
71.533	-90.065
71.777	-79.384
72.021	-83.745
72.266	-83.082
72.510	-83.991
72.754	-80.849
72.998	-78.417
73.242	-84.809
73.486	-83.701
73.730	-80.057
73.975	-85.032
74.219	-88.667
74.463	-100.745
74.707	-76.378
74.951	-74.004
75.195	-86.606
75.439	-79.688
75.684	-90.144
75.928	-86.021
76.172	-80.623
76.416	-78.813
76.660	-80.071
76.904	-104.368
77.148	-87.797
77.393	-94.215
77.637	-85.580
77.881	-83.377
78.125	-94.014
78.369	-83.602
78.613	-85.613
78.857	-87.434
79.102	-98.910
79.346	-105.172
79.590	-88.518
79.834	-82.547
80.078	-83.553
80.322	-81.926
80.566	-80.376
80.811	-97.302
81.055	-75.131
81.299	-73.334
81.543	-75.491
81.787	-85.761
82.031	-84.730
82.275	-82.477
82.520	-78.707
82.764	-85.486
83.008	-82.756
83.252	-109.983
83.496	-83.566
83.740	-88.616
83.984	-90.303
84.229	-82.806
84.473	-80.209
84.717	-76.513
84.961	-72.851
85.205	-78.878
85.449	-92.916
85.693	-84.032
85.937	-76.718
86.182	-75.763
86.426	-81.959
86.670	-89.488
86.914	-88.668
87.158	-88.683
87.402	-90.950
87.646	-84.496
87.891	-80.972
88.135	-87.782
88.379	-82.743
88.623	-84.348
88.867	-83.094
89.111	-89.263
89.355	-86.163
89.600	-87.813
89.844	-78.269
90.088	-74.803
90.332	-77.253
90.576	-86.200
90.820	-84.313
91.064	-83.845
91.309	-83.578
91.553	-82.586
91.797	-79.934
92.041	-84.943
92.285	-87.793
92.529	-90.575
92.773	-88.382
93.018	-87.071
93.262	-82.680
93.506	-81.907
93.750	-91.563
93.994	-87.462
94.238	-90.243
94.482	-90.099
94.727	-83.678
94.971	-69.747
95.215	-68.615
95.459	-73.224
95.703	-78.230
95.947	-83.710
96.191	-97.535
96.436	-84.468
96.680	-83.274
96.924	-85.145
97.168	-91.940
97.412	-85.805
97.656	-80.641
97.900	-81.655
98.145	-84.145
98.389	-84.524
98.633	-80.341
98.877	-77.732
99.121	-88.439
99.365	-85.695
99.609	-90.454
99.854	-80.399
100.098	-77.114
100.342	-84.730
100.586	-93.342
100.830	-90.585
101.074	-84.399
101.318	-76.471
101.562	-84.328
101.807	-83.785
102.051	-81.397
102.295	-80.124
102.539	-76.797
102.783	-77.261
103.027	-85.645
103.271	-83.229
103.516	-81.851
103.760	-83.591
104.004	-85.600
104.248	-97.645
104.492	-88.661
104.736	-76.152
104.980	-76.966
105.225	-81.901
105.469	-78.761
105.713	-84.551
105.957	-82.778
106.201	-88.877
106.445	-76.965
106.689	-81.829
106.934	-82.673
107.178	-77.799
107.422	-81.453
107.666	-83.668
107.910	-84.881
108.154	-85.074
108.398	-87.212
108.643	-84.992
108.887	-81.816
109.131	-87.030
109.375	-99.057
109.619	-95.630
109.863	-84.247
110.107	-83.005
110.352	-89.334
110.596	-86.840
110.840	-79.314
111.084	-80.743
111.328	-87.859
111.572	-84.001
111.816	-81.763
112.061	-81.637
112.305	-81.750
112.549	-82.627
112.793	-80.064
113.037	-81.442
113.281	-86.532
113.525	-83.589
113.770	-85.745
114.014	-89.067
114.258	-80.586
114.502	-80.725
114.746	-75.531
114.990	-73.913
115.234	-81.146
115.479	-99.054
115.723	-83.243
115.967	-84.156
116.211	-85.356
116.455	-80.506
116.699	-83.797
116.943	-87.121
117.187	-83.194
117.432	-83.229
117.676	-85.481
117.920	-81.564
118.164	-80.964
118.408	-85.523
118.652	-86.166
118.896	-79.646
119.141	-81.046
119.385	-79.431
119.629	-77.321
119.873	-76.166
120.117	-75.939
120.361	-76.429
120.605	-77.761
120.850	-89.604
121.094	-80.672
121.338	-86.993
121.582	-86.589
121.826	-83.413
122.070	-81.274
122.314	-78.028
122.559	-77.976
122.803	-78.098
123.047	-88.895
123.291	-92.104
123.535	-97.475
123.779	-86.192
124.023	-88.208
124.268	-84.632
124.512	-80.177
124.756	-65.123
125.000	-59.653
125.244	-66.778
125.488	-79.045
125.732	-89.935
125.977	-93.926
126.221	-84.964
126.465	-83.073
126.709	-80.898
126.953	-80.970
127.197	-82.624
127.441	-82.353
127.686	-83.347
127.930	-102.806
128.174	-88.433
128.418	-95.900
128.662	-88.392
128.906	-84.573
129.150	-87.787
129.395	-83.807
129.639	-87.036
129.883	-91.461
130.127	-100.374
130.371	-84.004
130.615	-82.049
130.859	-78.038
131.104	-80.476
131.348	-98.040
131.592	-94.481
131.836	-88.513
132.080	-90.972
132.324	-93.864
132.568	-90.685
132.812	-87.915
133.057	-84.463
133.301	-84.419
133.545	-82.523
133.789	-88.722
134.033	-87.099
134.277	-74.357
134.521	-66.963
134.766	-29.606
135.010	-24.125
135.254	-30.691
135.498	-69.471
135.742	-75.172
135.986	-83.973
136.230	-82.126
136.475	-93.277
136.719	-90.951
136.963	-90.588
137.207	-84.432
137.451	-87.912
137.695	-89.170
137.939	-84.249
138.184	-84.081
138.428	-80.135
138.672	-87.160
138.916	-76.914
139.160	-76.125
139.404	-85.094
139.648	-93.994
139.893	-86.260
140.137	-87.229
140.381	-85.390
140.625	-82.258
140.869	-79.973
141.113	-78.459
141.357	-82.783
141.602	-85.313
141.846	-95.646
142.090	-88.620
142.334	-92.499
142.578	-84.428
142.822	-80.843
143.066	-84.878
143.311	-81.051
143.555	-81.299
143.799	-87.340
144.043	-88.684
144.287	-90.011
144.531	-95.656
144.775	-63.398
145.020	-57.948
145.264	-65.625
145.508	-77.033
145.752	-79.880
145.996	-99.506
146.240	-82.314
146.484	-80.338
146.729	-91.232
146.973	-85.875
147.217	-88.733
147.461	-79.183
147.705	-74.280
147.949	-76.942
148.193	-88.041
148.437	-76.796
148.682	-73.295
148.926	-74.165
149.170	-74.982
149.414	-77.615
149.658	-82.777
149.902	-93.472
150.146	-91.470
150.391	-94.822
150.635	-85.402
150.879	-82.060
151.123	-91.435
151.367	-95.553
151.611	-92.177
151.855	-78.953
152.100	-84.543
152.344	-80.473
152.588	-81.579
152.832	-97.848
153.076	-83.416
153.320	-81.547
153.564	-100.480
153.809	-83.853
154.053	-83.984
154.297	-84.963
154.541	-89.122
154.785	-72.417
155.029	-66.396
155.273	-70.003
155.518	-88.411
155.762	-93.335
156.006	-79.563
156.250	-79.678
156.494	-83.957
156.738	-75.499
156.982	-77.903
157.227	-83.073
157.471	-82.059
157.715	-70.817
157.959	-66.137
158.203	-73.638
158.447	-69.105
158.691	-77.815
158.936	-82.321
159.180	-85.653
159.424	-94.224
159.668	-88.552
159.912	-79.319
160.156	-80.352
160.400	-94.467
160.645	-85.171
160.889	-82.547
161.133	-79.632
161.377	-83.465
161.621	-83.686
161.865	-86.517
162.109	-80.242
162.354	-86.363
162.598	-87.172
162.842	-84.467
163.086	-85.561
163.330	-81.663
163.574	-83.320
163.818	-96.142
164.062	-84.163
164.307	-77.016
164.551	-91.681
164.795	-92.221
165.039	-79.189
165.283	-83.593
165.527	-81.207
165.771	-76.882
166.016	-88.328
166.260	-85.970
166.504	-95.817
166.748	-82.500
166.992	-82.244
167.236	-80.889
167.480	-93.299
167.725	-85.316
167.969	-89.225
168.213	-87.703
168.457	-84.390
168.701	-89.238
168.945	-87.373
169.189	-83.658
169.434	-82.448
169.678	-84.535
169.922	-83.639
170.166	-78.142
170.410	-83.018
170.654	-84.822
170.898	-86.800
171.143	-80.927
171.387	-81.581
171.631	-89.376
171.875	-97.167
172.119	-88.386
172.363	-87.617
172.607	-85.100
172.852	-87.514
173.096	-86.641
173.340	-95.604
173.584	-88.510
173.828	-77.437
174.072	-77.914
174.316	-83.907
174.561	-89.063
174.805	-73.809
175.049	-73.824
175.293	-86.826
175.537	-92.584
175.781	-87.582
176.025	-85.288
176.270	-79.762
176.514	-85.920
176.758	-86.283
177.002	-79.883
177.246	-75.044
177.490	-78.517
177.734	-91.569
177.979	-80.619
178.223	-76.983
178.467	-78.795
178.711	-79.291
178.955	-84.551
179.199	-89.067
179.443	-87.394
179.687	-79.857
179.932	-86.299
180.176	-88.180
180.420	-91.027
180.664	-95.763
180.908	-85.202
181.152	-83.449
181.396	-89.634
181.641	-82.634
181.885	-81.636
182.129	-83.295
182.373	-82.222
182.617	-83.588
182.861	-83.501
183.105	-82.097
183.350	-82.140
183.594	-77.090
183.838	-80.994
184.082	-91.121
184.326	-80.308
184.570	-79.979
184.814	-85.774
185.059	-82.532
185.303	-93.705
185.547	-78.863
185.791	-81.731
186.035	-79.262
186.279	-83.495
186.523	-82.375
186.768	-89.680
187.012	-81.096
187.256	-78.862
187.500	-84.943
187.744	-88.147
187.988	-89.650
188.232	-91.014
188.477	-90.275
188.721	-90.477
188.965	-85.909
189.209	-90.119
189.453	-83.995
189.697	-76.585
189.941	-69.722
190.186	-72.498
190.430	-90.787
190.674	-98.519
190.918	-92.719
191.162	-91.907
191.406	-82.815
191.650	-97.849
191.895	-82.650
192.139	-83.520
192.383	-83.342
192.627	-88.852
192.871	-83.987
193.115	-81.162
193.359	-82.903
193.604	-82.844
193.848	-95.178
194.092	-83.411
194.336	-81.750
194.580	-78.250
194.824	-75.560
195.068	-72.440
195.312	-80.052
195.557	-81.972
195.801	-77.136
196.045	-77.821
196.289	-80.167
196.533	-82.614
196.777	-96.262
197.021	-86.236
197.266	-81.655
197.510	-79.209
197.754	-77.850
197.998	-82.295
198.242	-98.800
198.486	-89.539
198.730	-89.207
198.975	-83.174
199.219	-84.261
199.463	-88.259
199.707	-84.378
199.951	-81.437
200.195	-83.889
200.439	-84.859
200.684	-86.628
200.928	-82.752
201.172	-79.564
201.416	-83.845
201.660	-81.880
201.904	-84.681
202.148	-78.675
202.393	-77.281
202.637	-82.243
202.881	-71.950
203.125	-71.124
203.369	-80.210
203.613	-90.334
203.857	-98.103
204.102	-85.688
204.346	-83.124
204.590	-74.915
204.834	-68.235
205.078	-69.146
205.322	-79.025
205.566	-83.003
205.811	-86.674
206.055	-90.008
206.299	-82.462
206.543	-84.653
206.787	-89.275
207.031	-83.839
207.275	-85.386
207.520	-85.033
207.764	-90.896
208.008	-92.708
208.252	-90.006
208.496	-84.801
208.740	-83.569
208.984	-87.061
209.229	-88.098
209.473	-84.007
209.717	-85.724
209.961	-89.138
210.205	-87.250
210.449	-86.640
210.693	-93.857
210.937	-95.380
211.182	-105.820
211.426	-89.615
211.670	-86.873
211.914	-86.951
212.158	-88.588
212.402	-82.851
212.646	-86.085
212.891	-86.174
213.135	-81.145
213.379	-91.599
213.623	-87.997
213.867	-91.555
214.111	-84.190
214.355	-94.043
214.600	-74.142
214.844	-59.356
215.088	-57.503
215.332	-66.279
215.576	-80.511
215.820	-82.530
216.064	-82.460
216.309	-86.225
216.553	-95.029
216.797	-88.374
217.041	-98.734
217.285	-82.631
217.529	-82.171
217.773	-83.458
218.018	-89.420
218.262	-89.069
218.506	-91.200
218.750	-87.221
218.994	-86.666
219.238	-76.914
219.482	-79.134
219.727	-84.497
219.971	-86.658
220.215	-102.898
220.459	-83.703
220.703	-76.733
220.947	-78.641
221.191	-80.368
221.436	-93.992
221.680	-87.725
221.924	-78.987
222.168	-84.955
222.412	-90.663
222.656	-79.381
222.900	-84.829
223.145	-76.333
223.389	-74.083
223.633	-83.244
223.877	-84.618
224.121	-71.252
224.365	-68.233
224.609	-51.314
224.854	-35.076
225.098	-33.918
225.342	-46.027
225.586	-64.090
225.830	-74.959
226.074	-83.271
226.318	-77.573
226.562	-80.464
226.807	-75.931
227.051	-77.290
227.295	-80.905
227.539	-78.822
227.783	-82.466
228.027	-85.547
228.271	-78.440
228.516	-83.127
228.760	-88.940
229.004	-84.300
229.248	-86.117
229.492	-86.993
229.736	-82.793
229.980	-91.949
230.225	-87.014
230.469	-85.303
230.713	-86.985
230.957	-99.411
231.201	-85.583
231.445	-83.107
231.689	-83.124
231.934	-88.274
232.178	-91.326
232.422	-90.163
232.666	-90.112
232.910	-88.040
233.154	-79.765
233.398	-78.439
233.643	-79.785
233.887	-80.440
234.131	-82.902
234.375	-83.716
234.619	-70.751
234.863	-55.674
235.107	-54.914
235.352	-66.383
235.596	-87.343
235.840	-94.714
236.084	-84.854
236.328	-82.281
236.572	-78.709
236.816	-77.139
237.061	-82.612
237.305	-91.407
237.549	-79.879
237.793	-86.691
238.037	-82.466
238.281	-84.463
238.525	-77.533
238.770	-78.426
239.014	-80.754
239.258	-86.301
239.502	-91.195
239.746	-80.416
239.990	-75.089
240.234	-76.988
240.479	-89.642
240.723	-82.497
240.967	-84.714
241.211	-76.024
241.455	-73.629
241.699	-75.946
241.943	-93.361
242.187	-96.400
242.432	-92.266
242.676	-83.379
242.920	-89.918
243.164	-88.315
243.408	-87.566
243.652	-84.467
243.896	-94.766
244.141	-87.116
244.385	-88.644
244.629	-89.360
244.873	-75.603
245.117	-74.526
245.361	-80.968
245.605	-85.892
245.850	-86.211
246.094	-82.177
246.338	-80.193
246.582	-82.350
246.826	-94.270
247.070	-86.292
247.314	-90.353
247.559	-98.928
247.803	-95.872
248.047	-92.963
248.291	-93.664
248.535	-99.911
248.779	-89.441
249.023	-92.296
249.268	-94.178
249.512	-94.743
249.756	-88.103
250.000	-90.190
250.244	-87.521
250.488	-82.240
250.732	-89.315
250.977	-87.374
251.221	-82.436
251.465	-85.403
251.709	-88.145
251.953	-98.360
252.197	-85.789
252.441	-98.552
252.686	-81.405
252.930	-79.006
253.174	-79.580
253.418	-81.059
253.662	-86.356
253.906	-101.390
254.150	-83.437
254.395	-80.038
254.639	-75.691
254.883	-67.185
255.127	-66.955
255.371	-73.892
255.615	-80.769
255.859	-97.778
256.104	-87.583
256.348	-93.110
256.592	-98.559
256.836	-88.773
257.080	-81.271
257.324	-78.010
257.568	-75.057
257.812	-76.181
258.057	-80.466
258.301	-87.679
258.545	-83.657
258.789	-81.055
259.033	-89.285
259.277	-79.612
259.521	-80.681
259.766	-100.680
260.010	-87.568
260.254	-79.331
260.498	-87.606
260.742	-86.311
260.986	-92.212
261.230	-85.622
261.475	-77.858
261.719	-75.509
261.963	-78.398
262.207	-86.319
262.451	-88.093
262.695	-88.138
262.939	-80.214
263.184	-77.722
263.428	-90.158
263.672	-84.213
263.916	-85.452
264.160	-84.481
264.404	-78.604
264.648	-80.905
264.893	-84.500
265.137	-79.583
265.381	-76.964
265.625	-79.685
265.869	-86.961
266.113	-82.447
266.357	-83.478
266.602	-92.376
266.846	-83.582
267.090	-77.742
267.334	-78.129
267.578	-80.637
267.822	-81.663
268.066	-97.784
268.311	-85.523
268.555	-84.071
268.799	-78.694
269.043	-76.478
269.287	-79.792
269.531	-92.155
269.775	-87.506
270.020	-78.608
270.264	-83.191
270.508	-95.681
270.752	-89.871
270.996	-85.464
271.240	-85.309
271.484	-85.595
271.729	-81.532
271.973	-86.744
272.217	-85.716
272.461	-80.200
272.705	-82.412
272.949	-83.972
273.193	-81.173
273.437	-86.335
273.682	-80.317
273.926	-77.731
274.170	-82.458
274.414	-93.140
274.658	-79.571
274.902	-70.877
275.146	-71.157
275.391	-79.036
275.635	-82.642
275.879	-81.062
276.123	-80.750
276.367	-85.792
276.611	-93.595
276.855	-86.969
277.100	-78.727
277.344	-75.205
277.588	-79.067
277.832	-82.068
278.076	-76.433
278.320	-71.498
278.564	-70.339
278.809	-71.491
279.053	-75.059
279.297	-76.167
279.541	-74.156
279.785	-82.168
280.029	-82.927
280.273	-85.907
280.518	-87.445
280.762	-85.930
281.006	-89.646
281.250	-84.081
281.494	-80.158
281.738	-80.654
281.982	-84.929
282.227	-89.219
282.471	-86.154
282.715	-84.837
282.959	-84.049
283.203	-98.345
283.447	-85.857
283.691	-84.494
283.936	-88.912
284.180	-87.894
284.424	-98.676
284.668	-73.747
284.912	-66.793
285.156	-70.081
285.400	-90.381
285.645	-88.974
285.889	-90.890
286.133	-84.403
286.377	-83.205
286.621	-84.783
286.865	-80.192
287.109	-85.939
287.354	-93.932
287.598	-84.129
287.842	-83.579
288.086	-79.663
288.330	-77.393
288.574	-79.981
288.818	-93.147
289.062	-86.393
289.307	-95.124
289.551	-78.269
289.795	-79.028
290.039	-84.565
290.283	-81.980
290.527	-80.901
290.771	-87.045
291.016	-90.372
291.260	-81.443
291.504	-78.427
291.748	-98.381
291.992	-78.626
292.236	-80.957
292.480	-82.608
292.725	-85.046
292.969	-86.448
293.213	-82.005
293.457	-84.739
293.701	-99.268
293.945	-89.158
294.189	-77.403
294.434	-75.938
294.678	-77.469
294.922	-84.037
295.166	-73.736
295.410	-74.531
295.654	-80.963
295.898	-83.283
296.143	-88.519
296.387	-89.925
296.631	-87.450
296.875	-92.492
297.119	-85.905
297.363	-88.308
297.607	-88.760
297.852	-80.975
298.096	-81.019
298.340	-88.777
298.584	-86.178
298.828	-81.722
299.072	-86.737
299.316	-87.448
299.561	-81.338
299.805	-85.169
300.049	-83.791
300.293	-83.435
300.537	-79.820
300.781	-86.764
301.025	-82.925
301.270	-81.162
301.514	-83.465
301.758	-87.494
302.002	-92.791
302.246	-89.529
302.490	-85.105
302.734	-91.452
302.979	-86.919
303.223	-81.593
303.467	-80.933
303.711	-79.141
303.955	-79.567
304.199	-83.117
304.443	-82.441
304.687	-71.893
304.932	-62.895
305.176	-65.002
305.420	-78.786
305.664	-82.472
305.908	-83.782
306.152	-82.678
306.396	-84.280
306.641	-84.935
306.885	-81.493
307.129	-89.042
307.373	-87.188
307.617	-82.851
307.861	-84.179
308.105	-86.811
308.350	-86.328
308.594	-87.430
308.838	-91.514
309.082	-85.787
309.326	-90.724
309.570	-85.681
309.814	-94.626
310.059	-86.488
310.303	-86.372
310.547	-85.784
310.791	-79.397
311.035	-82.204
311.279	-86.716
311.523	-90.445
311.768	-87.472
312.012	-87.239
312.256	-87.190
312.500	-88.077
312.744	-85.089
312.988	-83.574
313.232	-82.013
313.477	-87.507
313.721	-86.848
313.965	-133.672
314.209	-80.498
314.453	-68.379
314.697	-48.805
314.941	-39.178
315.186	-42.260
315.430	-64.457
315.674	-75.984
315.918	-80.130
316.162	-83.029
316.406	-79.174
316.650	-78.138
316.895	-77.273
317.139	-80.185
317.383	-94.728
317.627	-89.918
317.871	-85.517
318.115	-82.124
318.359	-86.958
318.604	-96.231
318.848	-88.374
319.092	-78.741
319.336	-80.626
319.580	-91.115
319.824	-95.322
320.068	-86.239
320.312	-82.820
320.557	-79.674
320.801	-79.094
321.045	-80.567
321.289	-83.834
321.533	-81.723
321.777	-77.659
322.021	-80.934
322.266	-83.890
322.510	-106.460
322.754	-82.407
322.998	-72.370
323.242	-76.199
323.486	-90.571
323.730	-78.160
323.975	-78.144
324.219	-85.230
324.463	-83.200
324.707	-59.105
324.951	-51.906
325.195	-56.377
325.439	-85.297
325.684	-87.622
325.928	-82.685
326.172	-82.470
326.416	-85.940
326.660	-88.816
326.904	-91.503
327.148	-84.607
327.393	-84.489
327.637	-83.233
327.881	-79.944
328.125	-86.578
328.369	-96.056
328.613	-86.692
328.857	-85.455
329.102	-88.865
329.346	-96.530
329.590	-91.427
329.834	-83.616
330.078	-85.259
330.322	-81.818
330.566	-81.841
330.811	-87.943
331.055	-88.584
331.299	-87.589
331.543	-83.381
331.787	-84.239
332.031	-76.166
332.275	-75.040
332.520	-78.797
332.764	-82.705
333.008	-77.351
333.252	-80.861
333.496	-92.760
333.740	-85.936
333.984	-81.038
334.229	-80.216
334.473	-78.414
334.717	-77.691
334.961	-69.740
335.205	-73.639
335.449	-90.229
335.693	-83.734
335.937	-82.703
336.182	-88.138
336.426	-89.128
336.670	-96.869
336.914	-78.818
337.158	-76.871
337.402	-80.988
337.646	-78.337
337.891	-81.350
338.135	-87.162
338.379	-88.845
338.623	-78.569
338.867	-77.558
339.111	-87.534
339.355	-83.337
339.600	-80.956
339.844	-82.661
340.088	-78.789
340.332	-79.300
340.576	-85.531
340.820	-80.996
341.064	-84.015
341.309	-85.831
341.553	-95.270
341.797	-92.350
342.041	-85.611
342.285	-82.500
342.529	-83.270
342.773	-91.766
343.018	-92.139
343.262	-88.484
343.506	-84.755
343.750	-82.151
343.994	-79.743
344.238	-83.724
344.482	-92.324
344.727	-75.154
344.971	-71.021
345.215	-76.976
345.459	-79.649
345.703	-82.572
345.947	-97.558
346.191	-82.020
346.436	-87.949
346.680	-82.498
346.924	-83.797
347.168	-86.492
347.412	-80.029
347.656	-78.106
347.900	-85.328
348.145	-89.352
348.389	-81.057
348.633	-79.604
348.877	-81.144
349.121	-88.473
349.365	-80.853
349.609	-79.808
349.854	-84.197
350.098	-87.130
350.342	-86.558
350.586	-86.309
350.830	-88.328
351.074	-83.188
351.318	-79.445
351.562	-78.219
351.807	-81.528
352.051	-88.697
352.295	-85.175
352.539	-84.790
352.783	-87.280
353.027	-91.535
353.271	-87.100
353.516	-89.616
353.760	-90.510
354.004	-79.349
354.248	-80.637
354.492	-86.001
354.736	-84.500
354.980	-76.381
355.225	-74.620
355.469	-82.334
355.713	-81.516
355.957	-83.069
356.201	-84.085
356.445	-82.594
356.689	-86.144
356.934	-91.689
357.178	-87.131
357.422	-90.657
357.666	-88.945
357.910	-84.805
358.154	-92.153
358.398	-83.485
358.643	-83.955
358.887	-81.897
359.131	-77.312
359.375	-81.782
359.619	-80.267
359.863	-73.421
360.107	-71.498
360.352	-73.352
360.596	-68.502
360.840	-66.860
361.084	-71.100
361.328	-73.340
361.572	-75.506
361.816	-77.854
362.061	-78.775
362.305	-86.899
362.549	-84.465
362.793	-84.022
363.037	-87.844
363.281	-97.526
363.525	-86.691
363.770	-86.594
364.014	-82.265
364.258	-85.063
364.502	-79.538
364.746	-69.968
364.990	-66.703
365.234	-74.200
365.479	-83.962
365.723	-86.338
365.967	-82.609
366.211	-85.924
366.455	-96.454
366.699	-88.999
366.943	-84.315
367.187	-80.638
367.432	-79.132
367.676	-91.541
367.920	-89.249
368.164	-89.332
368.408	-85.312
368.652	-84.739
368.896	-79.703
369.141	-81.065
369.385	-87.201
369.629	-86.171
369.873	-82.182
370.117	-78.616
370.361	-82.039
370.605	-86.669
370.850	-87.576
371.094	-83.310
371.338	-82.218
371.582	-79.423
371.826	-76.979
372.070	-79.080
372.314	-90.494
372.559	-84.711
372.803	-84.422
373.047	-99.545
373.291	-87.161
373.535	-78.541
373.779	-76.521
374.023	-79.193
374.268	-85.994
374.512	-97.630
374.756	-80.405
375.000	-75.457
375.244	-77.309
375.488	-83.346
375.732	-86.090
375.977	-81.185
376.221	-81.216
376.465	-85.283
376.709	-91.049
376.953	-86.654
377.197	-82.190
377.441	-80.459
377.686	-78.734
377.930	-78.003
378.174	-80.744
378.418	-89.783
378.662	-92.406
378.906	-91.137
379.150	-102.755
379.395	-79.692
379.639	-78.184
379.883	-92.119
380.127	-80.788
380.371	-79.881
380.615	-86.546
380.859	-93.817
381.104	-88.658
381.348	-92.863
381.592	-85.837
381.836	-80.827
382.080	-81.980
382.324	-86.946
382.568	-92.087
382.812	-85.228
383.057	-86.688
383.301	-86.317
383.545	-83.987
383.789	-78.647
384.033	-80.147
384.277	-89.268
384.521	-91.703
384.766	-76.005
385.010	-70.029
385.254	-75.968
385.498	-84.682
385.742	-85.109
385.986	-75.823
386.230	-76.845
386.475	-81.090
386.719	-79.583
386.963	-80.835
387.207	-83.885
387.451	-88.858
387.695	-86.804
387.939	-87.027
388.184	-82.660
388.428	-85.744
388.672	-92.083
388.916	-84.437
389.160	-80.811
389.404	-83.191
389.648	-92.042
389.893	-81.388
390.137	-80.236
390.381	-79.266
390.625	-82.364
390.869	-81.839
391.113	-83.402
391.357	-88.929
391.602	-93.674
391.846	-91.303
392.090	-83.564
392.334	-80.374
392.578	-80.725
392.822	-84.276
393.066	-95.526
393.311	-87.501
393.555	-85.907
393.799	-89.161
394.043	-88.130
394.287	-89.991
394.531	-95.064
394.775	-70.698
395.020	-66.234
395.264	-73.240
395.508	-84.287
395.752	-84.309
395.996	-93.254
396.240	-86.192
396.484	-88.604
396.729	-87.874
396.973	-84.794
397.217	-89.310
397.461	-86.358
397.705	-80.500
397.949	-82.932
398.193	-83.275
398.437	-90.030
398.682	-83.194
398.926	-79.779
399.170	-83.597
399.414	-88.503
399.658	-85.062
399.902	-85.820
400.146	-83.119
400.391	-82.699
400.635	-88.586
400.879	-80.564
401.123	-82.550
401.367	-78.383
401.611	-79.749
401.855	-89.213
402.100	-72.886
402.344	-75.621
402.588	-69.357
402.832	-70.664
403.076	-64.439
403.320	-62.276
403.564	-57.717
403.809	-52.784
404.053	-46.385
404.297	-38.175
404.541	-25.298
404.785	2.027
405.029	6.477
405.273	-1.215
405.518	-29.251
405.762	-40.499
406.006	-48.157
406.250	-54.376
406.494	-58.514
406.738	-62.628
406.982	-66.264
407.227	-69.254
407.471	-71.179
407.715	-76.678
407.959	-75.204
408.203	-76.821
408.447	-80.906
408.691	-83.616
408.936	-79.601
409.180	-83.524
409.424	-85.067
409.668	-83.396
409.912	-83.221
410.156	-91.719
410.400	-89.288
410.645	-85.751
410.889	-83.523
411.133	-92.723
411.377	-82.254
411.621	-82.691
411.865	-86.929
412.109	-86.889
412.354	-91.423
412.598	-89.214
412.842	-85.718
413.086	-83.601
413.330	-111.292
413.574	-88.343
413.818	-89.268
414.062	-88.663
414.307	-81.817
414.551	-75.332
414.795	-54.043
415.039	-49.771
415.283	-57.659
415.527	-78.600
415.771	-77.512
416.016	-80.932
416.260	-88.791
416.504	-87.538
416.748	-87.150
416.992	-85.828
417.236	-84.429
417.480	-87.328
417.725	-91.671
417.969	-80.630
418.213	-86.341
418.457	-86.690
418.701	-88.277
418.945	-96.339
419.189	-82.709
419.434	-85.925
419.678	-85.148
419.922	-80.357
420.166	-81.981
420.410	-92.450
420.654	-76.141
420.898	-76.877
421.143	-82.096
421.387	-84.173
421.631	-78.759
421.875	-76.659
422.119	-82.968
422.363	-86.382
422.607	-80.988
422.852	-79.989
423.096	-81.795
423.340	-81.651
423.584	-83.044
423.828	-82.621
424.072	-79.697
424.316	-80.553
424.561	-77.111
424.805	-66.460
425.049	-63.961
425.293	-71.916
425.537	-79.292
425.781	-81.707
426.025	-80.608
426.270	-79.141
426.514	-85.395
426.758	-88.407
427.002	-83.575
427.246	-81.134
427.490	-80.393
427.734	-79.366
427.979	-79.348
428.223	-80.240
428.467	-81.972
428.711	-84.000
428.955	-86.051
429.199	-84.640
429.443	-84.766
429.687	-86.643
429.932	-82.641
430.176	-83.439
430.420	-89.177
430.664	-82.311
430.908	-84.760
431.152	-82.447
431.396	-83.700
431.641	-83.729
431.885	-89.131
432.129	-79.241
432.373	-76.568
432.617	-83.924
432.861	-87.723
433.105	-96.560
433.350	-85.953
433.594	-91.890
433.838	-86.243
434.082	-83.465
434.326	-84.746
434.570	-77.497
434.814	-71.824
435.059	-69.269
435.303	-74.159
435.547	-81.617
435.791	-79.617
436.035	-83.075
436.279	-111.896
436.523	-88.006
436.768	-91.879
437.012	-80.736
437.256	-78.364
437.500	-80.943
437.744	-85.914
437.988	-87.570
438.232	-79.901
438.477	-77.251
438.721	-79.667
438.965	-79.752
439.209	-77.682
439.453	-81.815
439.697	-88.921
439.941	-91.829
440.186	-84.234
440.430	-78.875
440.674	-79.778
440.918	-84.853
441.162	-80.240
441.406	-77.095
441.650	-78.685
441.895	-80.272
442.139	-79.246
442.383	-77.078
442.627	-80.092
442.871	-79.828
443.115	-85.360
443.359	-84.789
443.604	-87.477
443.848	-79.798
444.092	-85.310
444.336	-91.163
444.580	-77.132
444.824	-67.452
445.068	-67.530
445.312	-78.964
445.557	-92.494
445.801	-82.853
446.045	-84.221
446.289	-83.544
446.533	-86.434
446.777	-82.038
447.021	-85.590
447.266	-90.837
447.510	-83.011
447.754	-83.889
447.998	-81.662
448.242	-81.046
448.486	-78.626
448.730	-77.238
448.975	-81.678
449.219	-95.542
449.463	-86.766
449.707	-82.818
449.951	-82.072
450.195	-82.585
450.439	-90.621
450.684	-99.636
450.928	-97.085
451.172	-87.215
451.416	-93.239
451.660	-88.900
451.904	-84.953
452.148	-84.673
452.393	-84.270
452.637	-85.467
452.881	-83.265
453.125	-78.635
453.369	-88.574
453.613	-85.405
453.857	-96.165
454.102	-87.109
454.346	-80.151
454.590	-73.992
454.834	-80.150
455.078	-78.672
455.322	-77.209
455.566	-75.102
455.811	-75.722
456.055	-79.613
456.299	-80.188
456.543	-92.567
456.787	-84.111
457.031	-87.015
457.275	-93.391
457.520	-90.644
457.764	-82.030
458.008	-82.934
458.252	-83.753
458.496	-85.415
458.740	-89.673
458.984	-85.774
459.229	-81.718
459.473	-87.550
459.717	-90.019
459.961	-91.256
460.205	-81.166
460.449	-81.995
460.693	-90.656
460.937	-87.440
461.182	-88.857
461.426	-84.581
461.670	-80.569
461.914	-86.716
462.158	-90.138
462.402	-79.507
462.646	-79.032
462.891	-81.271
463.135	-81.232
463.379	-85.500
463.623	-83.944
463.867	-76.900
464.111	-75.256
464.355	-79.977
464.600	-79.821
464.844	-79.482
465.088	-77.305
465.332	-78.917
465.576	-84.124
465.820	-94.794
466.064	-92.801
466.309	-89.199
466.553	-83.463
466.797	-84.507
467.041	-90.983
467.285	-100.204
467.529	-86.104
467.773	-87.718
468.018	-86.966
468.262	-87.948
468.506	-90.091
468.750	-99.612
468.994	-93.489
469.238	-87.776
469.482	-84.456
469.727	-90.171
469.971	-81.972
470.215	-79.323
470.459	-79.083
470.703	-77.921
470.947	-80.254
471.191	-87.770
471.436	-87.115
471.680	-88.745
471.924	-85.672
472.168	-78.076
472.412	-78.232
472.656	-92.294
472.900	-78.390
473.145	-82.977
473.389	-85.247
473.633	-91.881
473.877	-98.994
474.121	-86.356
474.365	-79.144
474.609	-77.133
474.854	-68.704
475.098	-68.557
475.342	-75.488
475.586	-94.017
475.830	-85.230
476.074	-93.501
476.318	-88.929
476.562	-86.862
476.807	-88.854
477.051	-92.008
477.295	-96.771
477.539	-90.166
477.783	-85.222
478.027	-85.675
478.271	-84.609
478.516	-85.219
478.760	-85.637
479.004	-86.285
479.248	-92.499
479.492	-84.867
479.736	-84.652
479.980	-84.062
480.225	-81.861
480.469	-83.787
480.713	-72.197
480.957	-72.728
481.201	-75.197
481.445	-80.807
481.689	-78.696
481.934	-75.400
482.178	-77.739
482.422	-82.773
482.666	-88.024
482.910	-106.093
483.154	-83.628
483.398	-79.907
483.643	-87.099
483.887	-86.900
484.131	-87.498
484.375	-82.656
484.619	-88.649
484.863	-73.653
485.107	-67.251
485.352	-73.901
485.596	-92.957
485.840	-87.528
486.084	-87.394
486.328	-83.668
486.572	-83.422
486.816	-87.656
487.061	-94.099
487.305	-86.207
487.549	-95.985
487.793	-92.327
488.037	-89.605
488.281	-93.867
488.525	-89.230
488.770	-83.182
489.014	-84.859
489.258	-85.683
489.502	-81.844
489.746	-81.818
489.990	-85.445
490.234	-89.320
490.479	-80.342
490.723	-83.111
490.967	-93.645
491.211	-82.834
491.455	-79.994
491.699	-83.231
491.943	-87.361
492.187	-80.269
492.432	-79.022
492.676	-82.577
492.920	-83.637
493.164	-79.774
493.408	-82.602
493.652	-89.935
493.896	-81.340
494.141	-96.855
494.385	-78.626
494.629	-64.209
494.873	-48.600
495.117	-47.939
495.361	-60.597
495.605	-85.033
495.850	-80.539
496.094	-84.883
496.338	-78.274
496.582	-76.786
496.826	-83.802
497.070	-91.139
497.314	-93.023
497.559	-83.697
497.803	-79.615
498.047	-79.941
498.291	-80.002
498.535	-79.479
498.779	-78.948
499.023	-81.031
499.268	-79.944
499.512	-79.332
499.756	-81.431
