Time	Ch 0
[s]	[V]
0.000000	2.949054
2.000000E-5	2.899722
4.000000E-5	2.826710
6.000000E-5	2.740215
8.000000E-5	2.631027
0.000100	2.519537
0.000120	2.387327
0.000140	2.246238
0.000160	2.093638
0.000180	1.924594
0.000200	1.745684
0.000220	1.558551
0.000240	1.356291
0.000260	1.146795
0.000280	0.934339
0.000300	0.719252
0.000320	0.494299
0.000340	0.267044
0.000360	0.038473
0.000380	-0.188454
0.000400	-0.420313
0.000420	-0.645595
0.000440	-0.868904
0.000460	-1.090568
0.000480	-1.306641
0.000500	-1.513177
0.000520	-1.713135
0.000540	-1.897636
0.000560	-2.080821
0.000580	-2.253483
0.000600	-2.404767
0.000620	-2.552104
0.000640	-2.682340
0.000660	-2.795803
0.000680	-2.902031
0.000700	-2.990828
0.000720	-3.061866
0.000740	-3.118104
0.000760	-3.148032
0.000780	-3.176316
0.000800	-3.183551
0.000820	-3.163161
0.000840	-3.138166
0.000860	-3.094425
0.000880	-3.034240
0.000900	-2.950047
0.000920	-2.853357
0.000940	-2.753378
0.000960	-2.622155
0.000980	-2.489617
0.001000	-2.343595
0.001020	-2.177840
0.001040	-2.005837
0.001060	-1.820678
0.001080	-1.630586
0.001100	-1.435561
0.001120	-1.228368
0.001140	-1.018872
0.001160	-0.802141
0.001180	-0.582121
0.001200	-0.355853
0.001220	-0.132544
0.001240	0.084516
0.001260	0.306509
0.001280	0.524227
0.001300	0.737012
0.001320	0.941245
0.001340	1.142848
0.001360	1.336887
0.001380	1.517441
0.001400	1.694378
0.001420	1.853556
0.001440	2.007472
0.001460	2.141983
0.001480	2.269259
0.001500	2.372857
0.001520	2.465601
0.001540	2.558345
0.001560	2.616885
0.001580	2.667533
0.001600	2.695816
0.001620	2.716536
0.001640	2.715549
0.001660	2.682661
0.001680	2.660297
0.001700	2.608992
0.001720	2.531705
0.001740	2.446526
0.001760	2.347204
0.001780	2.232754
0.001800	2.091994
0.001820	1.957811
0.001840	1.803895
0.001860	1.633865
0.001880	1.460217
0.001900	1.267822
0.001920	1.067206
0.001940	0.863959
0.001960	0.649530
0.001980	0.425563
0.002000	0.213107
0.002020	-0.020068
0.002040	-0.250283
0.002060	-0.478853
0.002080	-0.711371
0.002100	-0.932706
0.002120	-1.156343
0.002140	-1.382283
0.002160	-1.588490
0.002180	-1.798315
0.002200	-2.004193
0.002220	-2.180800
0.002240	-2.374181
0.002260	-2.536976
0.002280	-2.695495
0.002300	-2.844806
0.002320	-2.972082
0.002340	-3.087848
0.002360	-3.196049
0.002380	-3.281557
0.002400	-3.356541
0.002420	-3.408833
0.002440	-3.447970
0.002460	-3.470991
0.002480	-3.472965
0.002500	-3.462769
0.002520	-3.432841
0.002540	-3.394363
0.002560	-3.328258
0.002580	-3.246367
0.002600	-3.158228
0.002620	-3.046409
0.002640	-2.921435
0.002660	-2.789884
0.002680	-2.644848
0.002700	-2.485671
0.002720	-2.304459
0.002740	-2.129495
0.002760	-1.932826
0.002780	-1.740432
0.002800	-1.530936
0.002820	-1.317823
0.002840	-1.106025
0.002860	-0.883045
0.002880	-0.662697
0.002900	-0.437744
0.002920	-0.214106
0.002940	0.003612
0.002960	0.221987
0.002980	0.435758
0.003000	0.641637
0.003020	0.845213
0.003040	1.033003
0.003060	1.215202
0.003080	1.393125
0.003100	1.552303
0.003120	1.710165
0.003140	1.845005
0.003160	1.972939
0.003180	2.074563
0.003200	2.175529
0.003220	2.259064
0.003240	2.321880
0.003260	2.372199
0.003280	2.395549
0.003300	2.419557
0.003320	2.414953
0.003340	2.393247
0.003360	2.361675
0.003380	2.308396
0.003400	2.241634
0.003420	2.155796
0.003440	2.055159
0.003460	1.941367
0.003480	1.807513
0.003500	1.669384
0.003520	1.515797
0.003540	1.343793
0.003560	1.169487
0.003580	0.978409
0.003600	0.783383
0.003620	0.574545
0.003640	0.358143
0.003660	0.142070
0.003680	-0.077621
0.003700	-0.305863
0.003720	-0.539696
0.003740	-0.765307
0.003760	-0.995193
0.003780	-1.219159
0.003800	-1.445428
0.003820	-1.665448
0.003840	-1.879548
0.003860	-2.090688
0.003880	-2.286699
0.003900	-2.477778
0.003920	-2.658332
0.003940	-2.827705
0.003960	-2.987211
0.003980	-3.134877
0.004000	-3.268731
0.004020	-3.377261
0.004040	-3.493684
0.004060	-3.575904
0.004080	-3.654506
0.004100	-3.704824
0.004120	-3.738699
0.004140	-3.772573
0.004160	-3.770600
0.004180	-3.760405
0.004200	-3.727188
0.004220	-3.690353
0.004240	-3.627866
0.004260	-3.542029
0.004280	-3.459152
0.004300	-3.353910
0.004320	-3.220057
0.004340	-3.094754
0.004360	-2.944457
0.004380	-2.785608
0.004400	-2.615249
0.004420	-2.426144
0.004440	-2.239999
0.004460	-2.041685
0.004480	-1.829887
0.004500	-1.623022
0.004520	-1.405962
0.004540	-1.185614
0.004560	-0.966909
0.004580	-0.744916
0.004600	-0.519634
0.004620	-0.297970
0.004640	-0.089132
0.004660	0.133519
0.004680	0.337095
0.004700	0.536724
0.004720	0.732407
0.004740	0.912962
0.004760	1.092859
0.004780	1.252365
0.004800	1.405623
0.004820	1.542765
0.004840	1.663135
0.004860	1.772981
0.004880	1.880195
0.004900	1.954851
0.004920	2.025560
0.004940	2.076536
0.004960	2.104491
0.004980	2.122579
0.005000	2.123237
0.005020	2.101860
0.005040	2.069630
0.005060	2.010103
0.005080	1.945971
0.005100	1.859147
0.005120	1.766074
0.005140	1.647020
0.005160	1.517770
0.005180	1.379641
0.005200	1.225068
0.005220	1.053722
0.005240	0.873496
0.005260	0.691297
0.005280	0.492654
0.005300	0.284803
0.005320	0.070045
0.005340	-0.145370
0.005360	-0.366048
0.005380	-0.596263
0.005400	-0.826478
0.005420	-1.054062
0.005440	-1.282962
0.005460	-1.506599
0.005480	-1.733197
0.005500	-1.956176
0.005520	-2.164028
0.005540	-2.367275
0.005560	-2.558682
0.005580	-2.742854
0.005600	-2.921764
0.005620	-3.078639
0.005640	-3.237487
0.005660	-3.377590
0.005680	-3.502235
0.005700	-3.605174
0.005720	-3.706140
0.005740	-3.789675
0.005760	-3.853148
0.005780	-3.909058
0.005800	-3.935039
0.005820	-3.953785
0.005840	-3.957403
0.005860	-3.931750
0.005880	-3.904453
0.005900	-3.854793
0.005920	-3.782768
0.005940	-3.696273
0.005960	-3.596623
0.005980	-3.486777
0.006000	-3.357857
0.006020	-3.215453
0.006040	-3.061866
0.006060	-2.889863
0.006080	-2.718188
0.006100	-2.529741
0.006120	-2.324191
0.006140	-2.119300
0.006160	-1.913093
0.006180	-1.689456
0.006200	-1.463187
0.006220	-1.243825
0.006240	-1.012952
0.006260	-0.785039
0.006280	-0.554824
0.006300	-0.327898
0.006320	-0.107878
0.006340	0.116417
0.006360	0.330517
0.006380	0.540342
0.006400	0.741616
0.006420	0.928748
0.006440	1.111276
0.006460	1.285911
0.006480	1.443115
0.006500	1.595715
0.006520	1.727266
0.006540	1.837770
0.006560	1.949918
0.006580	2.035755
0.006600	2.108437
0.006620	2.164676
0.006640	2.199537
0.006660	2.227492
0.006680	2.233741
0.006700	2.223874
0.006720	2.197564
0.006740	2.151192
0.006760	2.093967
0.006780	2.012405
0.006800	1.924594
0.006820	1.814748
0.006840	1.687143
0.006860	1.561511
0.006880	1.413187
0.006900	1.246774
0.006920	1.082663
0.006940	0.901451
0.006960	0.710372
0.006980	0.514360
0.007000	0.311113
0.007020	0.097342
0.007040	-0.120704
0.007060	-0.335462
0.007080	-0.560415
0.007100	-0.786355
0.007120	-1.004402
0.007140	-1.222777
0.007160	-1.441481
0.007180	-1.658212
0.007200	-1.861788
0.007220	-2.065364
0.007240	-2.258416
0.007260	-2.443245
0.007280	-2.617880
0.007300	-2.781990
0.007320	-2.939194
0.007340	-3.073048
0.007360	-3.201311
0.007380	-3.306223
0.007400	-3.412451
0.007420	-3.493026
0.007440	-3.556829
0.007460	-3.606818
0.007480	-3.637733
0.007500	-3.660425
0.007520	-3.658452
0.007540	-3.638062
0.007560	-3.607476
0.007580	-3.554855
0.007600	-3.492040
0.007620	-3.401927
0.007640	-3.310498
0.007660	-3.197035
0.007680	-3.063182
0.007700	-2.924395
0.007720	-2.770151
0.007740	-2.596174
0.007760	-2.424499
0.007780	-2.238683
0.007800	-2.038396
0.007820	-1.836136
0.007840	-1.623680
0.007860	-1.403660
0.007880	-1.183312
0.007900	-0.954083
0.007920	-0.722224
0.007940	-0.497271
0.007960	-0.266069
0.007980	-0.043747
0.008000	0.186797
0.008020	0.409119
0.008040	0.619602
0.008060	0.833702
0.008080	1.030372
0.008100	1.222766
0.008120	1.407267
0.008140	1.571049
0.008160	1.735817
0.008180	1.880524
0.008200	2.017667
0.008220	2.135734
0.008240	2.237687
0.008260	2.328129
0.008280	2.405087
0.008300	2.456392
0.008320	2.496844
0.008340	2.523483
0.008360	2.531048
0.008380	2.517235
0.008400	2.491911
0.008420	2.449157
0.008440	2.387985
0.008460	2.315960
0.008480	2.224532
0.008500	2.116988
0.008520	1.994974
0.008540	1.860462
0.008560	1.714769
0.008580	1.551316
0.008600	1.382601
0.008620	1.206980
0.008640	1.015243
0.008660	0.817587
0.008680	0.614669
0.008700	0.403528
0.008720	0.185482
0.008740	-0.041445
0.008760	-0.262122
0.008780	-0.483129
0.008800	-0.704464
0.008820	-0.927115
0.008840	-1.140228
0.008860	-1.353342
0.008880	-1.557904
0.008900	-1.764111
0.008920	-1.955519
0.008940	-2.140019
0.008960	-2.317285
0.008980	-2.480409
0.009000	-2.633008
0.009020	-2.776728
0.009040	-2.901702
0.009060	-3.013192
0.009080	-3.114158
0.009100	-3.191773
0.009120	-3.261496
0.009140	-3.317405
0.009160	-3.341742
0.009180	-3.360488
0.009200	-3.367723
0.009220	-3.344044
0.009240	-3.314445
0.009260	-3.261167
0.009280	-3.197693
0.009300	-3.109554
0.009320	-3.016481
0.009340	-2.905649
0.009360	-2.774097
0.009380	-2.630706
0.009400	-2.482053
0.009420	-2.311694
0.009440	-2.139691
0.009460	-1.950585
0.009480	-1.751285
0.009500	-1.545407
0.009520	-1.333280
0.009540	-1.112603
0.009560	-0.891925
0.009580	-0.669603
0.009600	-0.436428
0.009620	-0.204569
0.009640	0.022687
0.009660	0.248298
0.009680	0.471277
0.009700	0.695902
0.009720	0.909673
0.009740	1.120813
0.009760	1.313536
0.009780	1.513824
0.009800	1.692734
0.009820	1.862765
0.009840	2.025889
0.009860	2.168622
0.009880	2.312014
0.009900	2.428766
0.009920	2.526772
0.009940	2.625765
0.009960	2.689567
0.009980	2.752712
0.010000	2.787902
0.010020	2.814871
0.010040	2.828684
0.010060	2.807635
0.010080	2.791849
0.010100	2.748437
0.010120	2.683648
0.010140	2.610965
0.010160	2.526114
0.010180	2.420544
0.010200	2.297214
0.010220	2.158427
0.010240	2.013391
0.010260	1.849281
0.010280	1.688459
0.010300	1.500998
0.010320	1.311892
0.010340	1.118182
0.010360	0.908357
0.010380	0.703137
0.010400	0.488708
0.010420	0.266057
0.010440	0.048668
0.010460	-0.175298
0.010480	-0.403869
0.010500	-0.620929
0.010520	-0.838976
0.010540	-1.053733
0.010560	-1.255336
0.010580	-1.462529
0.010600	-1.651964
0.010620	-1.839095
0.010640	-2.021952
0.010660	-2.176525
0.010680	-2.339320
0.010700	-2.475476
0.010720	-2.598147
0.010740	-2.719175
0.010760	-2.808301
0.010780	-2.898085
0.010800	-2.954981
0.010820	-3.008259
0.010840	-3.049040
0.010860	-3.059893
0.010880	-3.070417
0.010900	-3.048711
0.010920	-3.020756
0.010940	-2.975371
0.010960	-2.901373
0.010980	-2.821785
0.011000	-2.724437
0.011020	-2.615578
0.011040	-2.485342
0.011060	-2.337018
0.011080	-2.190009
0.011100	-2.026227
0.011120	-1.848633
0.011140	-1.659857
0.011160	-1.459898
0.011180	-1.261256
0.011200	-1.050116
0.011220	-0.825820
0.011240	-0.607445
0.011260	-0.376243
0.011280	-0.149975
0.011300	0.079583
0.011320	0.312758
0.011340	0.533435
0.011360	0.763322
0.011380	0.976107
0.011400	1.195140
0.011420	1.404636
0.011440	1.600977
0.011460	1.801922
0.011480	1.983463
0.011500	2.159085
0.011520	2.315303
0.011540	2.462641
0.011560	2.596495
0.011580	2.720482
0.011600	2.822435
0.011620	2.912877
0.011640	2.981941
0.011660	3.044429
0.011680	3.087512
0.011700	3.109547
0.011720	3.123031
0.011740	3.107574
0.011760	3.088170
0.011780	3.040482
0.011800	2.979639
0.011820	2.906628
0.011840	2.821448
0.011860	2.714891
0.011880	2.596823
0.011900	2.455076
0.011920	2.316947
0.011940	2.159085
0.011960	1.988068
0.011980	1.805869
0.012000	1.618407
0.012020	1.424369
0.012040	1.212242
0.012060	1.002088
0.012080	0.787659
0.012100	0.570599
0.012120	0.349921
0.012140	0.120693
0.012160	-0.098012
0.012180	-0.321321
0.012200	-0.533447
0.012220	-0.749521
0.012240	-0.954083
0.012260	-1.153055
0.012280	-1.345120
0.012300	-1.535869
0.012320	-1.719384
0.012340	-1.881192
0.012360	-2.034120
0.012380	-2.174223
0.012400	-2.301170
0.012420	-2.419237
0.012440	-2.510994
0.012460	-2.598147
0.012480	-2.656030
0.012500	-2.711610
0.012520	-2.749103
0.012540	-2.763244
0.012560	-2.775413
0.012580	-2.755022
0.012600	-2.724766
0.012620	-2.680696
0.012640	-2.604067
0.012660	-2.529083
0.012680	-2.432392
0.012700	-2.317285
0.012720	-2.199546
0.012740	-2.044645
0.012760	-1.894018
0.012780	-1.736485
0.012800	-1.555273
0.012820	-1.365181
0.012840	-1.176076
0.012860	-0.967238
0.012880	-0.757743
0.012900	-0.540025
0.012920	-0.312441
0.012940	-0.085186
0.012960	0.135492
0.012980	0.368009
0.013000	0.602171
0.013020	0.826138
0.013040	1.052406
0.013060	1.274400
0.013080	1.485869
0.013100	1.693721
0.013120	1.895981
0.013140	2.092651
0.013160	2.269917
0.013180	2.449485
0.013200	2.611952
0.013220	2.754686
0.013240	2.887882
0.013260	3.009239
0.013280	3.118098
0.013300	3.204264
0.013320	3.271685
0.013340	3.339105
0.013360	3.380544
0.013380	3.402579
0.013400	3.417707
0.013420	3.408827
0.013440	3.385806
0.013460	3.341407
0.013480	3.277276
0.013500	3.211500
0.013520	3.123360
0.013540	3.015816
0.013560	2.894459
0.013580	2.758632
0.013600	2.616885
0.013620	2.460996
0.013640	2.284388
0.013660	2.107451
0.013680	1.918345
0.013700	1.722333
0.013720	1.517770
0.013740	1.302683
0.013760	1.095490
0.013780	0.874812
0.013800	0.649859
0.013820	0.426550
0.013840	0.203899
0.013860	-0.010859
0.013880	-0.235154
0.013900	-0.448925
0.013920	-0.657106
0.013940	-0.860682
0.013960	-1.045511
0.013980	-1.239550
0.014000	-1.412869
0.014020	-1.577966
0.014040	-1.734183
0.014060	-1.870010
0.014080	-2.002548
0.014100	-2.119629
0.014120	-2.214346
0.014140	-2.303143
0.014160	-2.360368
0.014180	-2.417593
0.014200	-2.452125
0.014220	-2.470542
0.014240	-2.478435
0.014260	-2.456730
0.014280	-2.428117
0.014300	-2.383718
0.014320	-2.314983
0.014340	-2.239341
0.014360	-2.137388
0.014380	-2.025241
0.014400	-1.902569
0.014420	-1.760165
0.014440	-1.608552
0.014460	-1.440166
0.014480	-1.268491
0.014500	-1.077084
0.014520	-0.885347
0.014540	-0.680456
0.014560	-0.465698
0.014580	-0.253572
0.014600	-0.026645
0.014620	0.201926
0.014640	0.428194
0.014660	0.658409
0.014680	0.888954
0.014700	1.115880
0.014720	1.340833
0.014740	1.558222
0.014760	1.775283
0.014780	1.986752
0.014800	2.186711
0.014820	2.379763
0.014840	2.567224
0.014860	2.736268
0.014880	2.895775
0.014900	3.047389
0.014920	3.178612
0.014940	3.300955
0.014960	3.409156
0.014980	3.498283
0.015000	3.570636
0.015020	3.633452
0.015040	3.670287
0.015060	3.701860
0.015080	3.711068
0.015100	3.699228
0.015120	3.677522
0.015140	3.633781
0.015160	3.576885
0.015180	3.508478
0.015200	3.420667
0.015220	3.317728
0.015240	3.200318
0.015260	3.068437
0.015280	2.916494
0.015300	2.761263
0.015320	2.595508
0.015340	2.409691
0.015360	2.218941
0.015380	2.022271
0.015400	1.819353
0.015420	1.608541
0.015440	1.391481
0.015460	1.173105
0.015480	0.954072
0.015500	0.730105
0.015520	0.507783
0.015540	0.289078
0.015560	0.066099
0.015580	-0.138135
0.015600	-0.349933
0.015620	-0.552851
0.015640	-0.749192
0.015660	-0.936981
0.015680	-1.112274
0.015700	-1.280660
0.015720	-1.433259
0.015740	-1.575664
0.015760	-1.705571
0.015780	-1.818047
0.015800	-1.915724
0.015820	-2.003535
0.015840	-2.067008
0.015860	-2.123247
0.015880	-2.155148
0.015900	-2.175209
0.015920	-2.181787
0.015940	-2.161397
0.015960	-2.130482
0.015980	-2.086083
0.016000	-2.017348
0.016020	-1.944008
0.016040	-1.846989
0.016060	-1.738459
0.016080	-1.612169
0.016100	-1.467134
0.016120	-1.318810
0.016140	-1.156343
0.016160	-0.974802
0.016180	-0.790630
0.016200	-0.595605
0.016220	-0.390056
0.016240	-0.176943
0.016260	0.040446
0.016280	0.259479
0.016300	0.486735
0.016320	0.717937
0.016340	0.940588
0.016360	1.176723
0.016380	1.399374
0.016400	1.625643
0.016420	1.847636
0.016440	2.060092
0.016460	2.271233
0.016480	2.473165
0.016500	2.668848
0.016520	2.854994
0.016540	3.023709
0.016560	3.187491
0.016580	3.334830
0.016600	3.470328
0.016620	3.599249
0.016640	3.694295
0.016660	3.780462
0.016680	3.838016
0.016700	3.901819
0.016720	3.934707
0.016740	3.952466
0.016760	3.961675
0.016780	3.943586
0.016800	3.912343
0.016820	3.867286
0.016840	3.795261
0.016860	3.723895
0.016880	3.629835
0.016900	3.516700
0.016920	3.389752
0.016940	3.251623
0.016960	3.099680
0.016980	2.936556
0.017000	2.756330
0.017020	2.572815
0.017040	2.377461
0.017060	2.171911
0.017080	1.960442
0.017100	1.742066
0.017120	1.525663
0.017140	1.302026
0.017160	1.069508
0.017180	0.844555
0.017200	0.611709
0.017220	0.379520
0.017240	0.153909
0.017260	-0.070057
0.017280	-0.281526
0.017300	-0.487404
0.017320	-0.690651
0.017340	-0.880414
0.017360	-1.068204
0.017380	-1.244812
0.017400	-1.401358
0.017420	-1.554287
0.017440	-1.685838
0.017460	-1.812785
0.017480	-1.916053
0.017500	-2.006824
0.017520	-2.079177
0.017540	-2.146268
0.017560	-2.188365
0.017580	-2.215004
0.017600	-2.227501
0.017620	-2.216648
0.017640	-2.194284
0.017660	-2.157121
0.017680	-2.095292
0.017700	-2.031161
0.017720	-1.939732
0.017740	-1.835807
0.017760	-1.717739
0.017780	-1.579939
0.017800	-1.436219
0.017820	-1.282633
0.017840	-1.115234
0.017860	-0.936653
0.017880	-0.747547
0.017900	-0.550220
0.017920	-0.347631
0.017940	-0.139779
0.017960	0.076294
0.017980	0.300260
0.018000	0.522582
0.018020	0.741945
0.018040	0.965911
0.018060	1.184945
0.018080	1.407267
0.018100	1.622354
0.018120	1.829219
0.018140	2.031809
0.018160	2.225190
0.018180	2.416926
0.018200	2.589917
0.018220	2.750081
0.018240	2.904984
0.018260	3.047717
0.018280	3.176967
0.018300	3.294706
0.018320	3.395343
0.018340	3.483483
0.018360	3.542682
0.018380	3.609444
0.018400	3.638715
0.018420	3.656145
0.018440	3.673247
0.018460	3.649239
0.018480	3.616351
0.018500	3.577543
0.018520	3.506834
0.018540	3.430205
0.018560	3.334172
0.018580	3.227944
0.018600	3.101983
0.018620	2.960235
0.018640	2.815857
0.018660	2.642867
0.018680	2.476782
0.018700	2.288663
0.018720	2.084100
0.018740	1.888088
0.018760	1.669713
0.018780	1.454954
0.018800	1.237236
0.018820	1.008666
0.018840	0.781410
0.018860	0.555141
0.018880	0.319335
0.018900	0.096027
0.018920	-0.129913
0.018940	-0.357497
0.018960	-0.566993
0.018980	-0.775831
0.019000	-0.978420
0.019020	-1.169499
0.019040	-1.359919
0.019060	-1.525345
0.019080	-1.690771
0.019100	-1.844686
0.019120	-1.977882
0.019140	-2.106145
0.019160	-2.206453
0.019180	-2.309063
0.019200	-2.371879
0.019220	-2.437326
0.019240	-2.483698
0.019260	-2.504746
0.019280	-2.527110
0.019300	-2.509679
0.019320	-2.488960
0.019340	-2.454427
0.019360	-2.388981
0.019380	-2.328467
0.019400	-2.235723
0.019420	-2.136731
0.019440	-2.018334
0.019460	-1.888427
0.019480	-1.740761
0.019500	-1.582570
0.019520	-1.415500
0.019540	-1.235932
0.019560	-1.040249
0.019580	-0.849829
0.019600	-0.648555
0.019620	-0.435770
0.019640	-0.224301
0.019660	-0.000993
0.019680	0.212779
0.019700	0.438389
0.019720	0.664000
0.019740	0.882376
0.019760	1.106343
0.019780	1.316496
0.019800	1.526650
0.019820	1.727266
0.019840	1.921634
0.019860	2.108766
0.019880	2.286361
0.019900	2.455076
0.019920	2.604388
0.019940	2.753699
0.019960	2.879989
0.019980	2.998057
0.020000	3.100338
0.020020	3.187491
0.020040	3.246690
0.020060	3.308190
0.020080	3.341078
0.020100	3.362784
0.020120	3.370677
0.020140	3.355549
0.020160	3.327923
0.020180	3.280893
0.020200	3.214788
0.020220	3.134542
0.020240	3.043771
0.020260	2.931952
0.020280	2.810924
0.020300	2.668190
0.020320	2.519537
0.020340	2.356741
0.020360	2.182435
0.020380	1.999578
0.020400	1.799620
0.020420	1.595715
0.020440	1.388192
0.020460	1.170145
0.020480	0.941903
0.020500	0.718594
0.020520	0.492983
0.020540	0.264084
0.020560	0.033211
0.020580	-0.195360
0.020600	-0.420313
0.020620	-0.644937
0.020640	-0.860024
0.020660	-1.070835
0.020680	-1.272767
0.020700	-1.463516
0.020720	-1.651635
0.020740	-1.821665
0.020760	-1.980184
0.020780	-2.130811
0.020800	-2.273215
0.020820	-2.401149
0.020840	-2.500470
0.020860	-2.601107
0.020880	-2.665239
0.020900	-2.735619
0.020920	-2.776400
0.020940	-2.800079
0.020960	-2.825074
0.020980	-2.809616
0.021000	-2.787253
0.021020	-2.757325
0.021040	-2.685958
0.021060	-2.625773
0.021080	-2.539278
0.021100	-2.431406
0.021120	-2.317943
0.021140	-2.190996
0.021160	-2.041356
0.021180	-1.886125
0.021200	-1.722015
0.021220	-1.537514
0.021240	-1.355644
0.021260	-1.154041
0.021280	-0.949808
0.021300	-0.741628
0.021320	-0.528514
0.021340	-0.309481
0.021360	-0.083870
0.021380	0.134505
0.021400	0.353539
0.021420	0.584741
0.021440	0.797525
0.021460	1.012941
0.021480	1.222108
0.021500	1.425026
0.021520	1.620381
0.021540	1.806197
0.021560	1.984450
0.021580	2.151850
0.021600	2.303792
0.021620	2.453103
0.021640	2.582682
0.021660	2.697132
0.021680	2.797111
0.021700	2.889197
0.021720	2.950698
0.021740	3.006607
0.021760	3.043442
0.021780	3.067779
0.021800	3.077974
0.021820	3.055611
0.021840	3.026011
0.021860	2.989506
0.021880	2.918797
0.021900	2.844799
0.021920	2.751068
0.021940	2.638262
0.021960	2.522168
0.021980	2.382723
0.022000	2.224532
0.022020	2.069301
0.022040	1.890719
0.022060	1.708520
0.022080	1.508891
0.022100	1.306630
0.022120	1.097134
0.022140	0.880732
0.022160	0.661040
0.022180	0.427536
0.022200	0.202583
0.022220	-0.023685
0.022240	-0.258505
0.022260	-0.479511
0.022280	-0.709069
0.022300	-0.927115
0.022320	-1.138913
0.022340	-1.358604
0.022360	-1.557575
0.022380	-1.757862
0.022400	-1.937759
0.022420	-2.108118
0.022440	-2.268611
0.022460	-2.427130
0.022480	-2.565259
0.022500	-2.689904
0.022520	-2.792515
0.022540	-2.889205
0.022560	-2.959914
0.022580	-3.030952
0.022600	-3.071075
0.022620	-3.096070
0.022640	-3.115145
0.022660	-3.108567
0.022680	-3.084888
0.022700	-3.047396
0.022720	-2.985895
0.022740	-2.928999
0.022760	-2.838558
0.022780	-2.733974
0.022800	-2.619196
0.022820	-2.488302
0.022840	-2.340306
0.022860	-2.184418
0.022880	-2.016032
0.022900	-1.844686
0.022920	-1.654266
0.022940	-1.458912
0.022960	-1.254349
0.022980	-1.042223
0.023000	-0.833056
0.023020	-0.612707
0.023040	-0.390385
0.023060	-0.167405
0.023080	0.056890
0.023100	0.275923
0.023120	0.489695
0.023140	0.710701
0.023160	0.915922
0.023180	1.118511
0.023200	1.319127
0.023220	1.504944
0.023240	1.681223
0.023260	1.855200
0.023280	2.001881
0.023300	2.150205
0.023320	2.285375
0.023340	2.395549
0.023360	2.499475
0.023380	2.587615
0.023400	2.648458
0.023420	2.712589
0.023440	2.751726
0.023460	2.772774
0.023480	2.782312
0.023500	2.765539
0.023520	2.736597
0.023540	2.689567
0.023560	2.622805
0.023580	2.550451
0.023600	2.458694
0.023620	2.346546
0.023640	2.223545
0.023660	2.091007
0.023680	1.935118
0.023700	1.768705
0.023720	1.598675
0.023740	1.417791
0.023760	1.220793
0.023780	1.017874
0.023800	0.808707
0.023820	0.595594
0.023840	0.368996
0.023860	0.142399
0.023880	-0.082883
0.023900	-0.311125
0.023920	-0.544300
0.023940	-0.769253
0.023960	-0.995851
0.023980	-1.212582
0.024000	-1.434904
0.024020	-1.645386
0.024040	-1.845344
0.024060	-2.043000
0.024080	-2.226843
0.024100	-2.401807
0.024120	-2.558682
0.024140	-2.713255
0.024160	-2.857633
0.024180	-2.978989
0.024200	-3.083901
0.024220	-3.183551
0.024240	-3.254260
0.024260	-3.324969
0.024280	-3.363777
0.024300	-3.394691
0.024320	-3.414753
0.024340	-3.404887
0.024360	-3.380550
0.024380	-3.346346
0.024400	-3.285504
0.024420	-3.221372
0.024440	-3.133891
0.024460	-3.029636
0.024480	-2.919133
0.024500	-2.784950
0.024520	-2.635311
0.024540	-2.490275
0.024560	-2.318272
0.024580	-2.146926
0.024600	-1.954861
0.024620	-1.760165
0.024640	-1.557247
0.024660	-1.343804
0.024680	-1.134309
0.024700	-0.913960
0.024720	-0.690980
0.024740	-0.473591
0.024760	-0.247323
0.024780	-0.025330
0.024800	0.190086
0.024820	0.404186
0.024840	0.614669
0.024860	0.825480
0.024880	1.015901
0.024900	1.202375
0.024920	1.385561
0.024940	1.548685
0.024960	1.705231
0.024980	1.851912
0.025000	1.983463
0.025020	2.101860
0.025040	2.201839
0.025060	2.296228
0.025080	2.353124
0.025100	2.414295
0.025120	2.456392
0.025140	2.474151
0.025160	2.485004
0.025180	2.469218
0.025200	2.440277
0.025220	2.403771
0.025240	2.327800
0.025260	2.257091
0.025280	2.166320
0.025300	2.057132
0.025320	1.933803
0.025340	1.798633
0.025360	1.647678
0.025380	1.488171
0.025400	1.312550
0.025420	1.131337
0.025440	0.936312
0.025460	0.732078
0.025480	0.518636
0.025500	0.302234
0.025520	0.079583
0.025540	-0.141424
0.025560	-0.375257
0.025580	-0.599881
0.025600	-0.824834
0.025620	-1.057022
0.025640	-1.280002
0.025660	-1.505284
0.025680	-1.722015
0.025700	-1.933155
0.025720	-2.134428
0.025740	-2.331427
0.025760	-2.514612
0.025780	-2.691878
0.025800	-2.854673
0.025820	-3.008588
0.025840	-3.143428
0.025860	-3.268073
0.025880	-3.379892
0.025900	-3.475596
0.025920	-3.546633
0.025940	-3.620960
0.025960	-3.659768
0.025980	-3.691340
0.026000	-3.711073
0.026020	-3.697589
0.026040	-3.678514
0.026060	-3.639706
0.026080	-3.582810
0.026100	-3.520981
0.026120	-3.433499
0.026140	-3.333191
0.026160	-3.220386
0.026180	-3.086861
0.026200	-2.936892
0.026220	-2.787910
0.026240	-2.624129
0.026260	-2.443903
0.026280	-2.258416
0.026300	-2.060760
0.026320	-1.858170
0.026340	-1.649661
0.026360	-1.439508
0.026380	-1.215213
0.026400	-0.990589
0.026420	-0.773529
0.026440	-0.549562
0.026460	-0.330858
0.026480	-0.109523
0.026500	0.104249
0.026520	0.307825
0.026540	0.522254
0.026560	0.713332
0.026580	0.901451
0.026600	1.084308
0.026620	1.253023
0.026640	1.415160
0.026660	1.545396
0.026680	1.685499
0.026700	1.803566
0.026720	1.900257
0.026740	1.991028
0.026760	2.056475
0.026780	2.119291
0.026800	2.150534
0.026820	2.177502
0.026840	2.192631
0.026860	2.169938
0.026880	2.147574
0.026900	2.107122
0.026920	2.037400
0.026940	1.968664
0.026960	1.876249
0.026980	1.763772
0.027000	1.646691
0.027020	1.509548
0.027040	1.350700
0.027060	1.196127
0.027080	1.021492
0.027100	0.835675
0.027120	0.647556
0.027140	0.438389
0.027160	0.228236
0.027180	0.018082
0.027200	-0.209502
0.027220	-0.428535
0.027240	-0.657763
0.027260	-0.886005
0.027280	-1.112274
0.027300	-1.346435
0.027320	-1.571059
0.027340	-1.790750
0.027360	-2.012743
0.027380	-2.222568
0.027400	-2.425486
0.027420	-2.619524
0.027440	-2.807972
0.027460	-2.985566
0.027480	-3.143757
0.027500	-3.301948
0.027520	-3.437775
0.027540	-3.562748
0.027560	-3.670292
0.027580	-3.764680
0.027600	-3.843940
0.027620	-3.909058
0.027640	-3.954114
0.027660	-3.982727
0.027680	-4.003775
0.027700	-3.999171
0.027720	-3.974176
0.027740	-3.944577
0.027760	-3.870250
0.027780	-3.806119
0.027800	-3.709757
0.027820	-3.599912
0.027840	-3.483818
0.027860	-3.343715
0.027880	-3.199337
0.027900	-3.037200
0.027920	-2.860264
0.027940	-2.678723
0.027960	-2.482711
0.027980	-2.278148
0.028000	-2.067337
0.028020	-1.851264
0.028040	-1.634862
0.028060	-1.402674
0.028080	-1.176734
0.028100	-0.953754
0.028120	-0.719593
0.028140	-0.497928
0.028160	-0.265411
0.028180	-0.045062
0.028200	0.173971
0.028220	0.385769
0.028240	0.586714
0.028260	0.784041
0.028280	0.967885
0.028300	1.147452
0.028320	1.309919
0.028340	1.461532
0.028360	1.599004
0.028380	1.721675
0.028400	1.836125
0.028420	1.934789
0.028440	2.006485
0.028460	2.076865
0.028480	2.119619
0.028500	2.150534
0.028520	2.170925
0.028540	2.160072
0.028560	2.142970
0.028580	2.105149
0.028600	2.050555
0.028620	1.984779
0.028640	1.897955
0.028660	1.797318
0.028680	1.684512
0.028700	1.555920
0.028720	1.405951
0.028740	1.261574
0.028760	1.092201
0.028780	0.918553
0.028800	0.728461
0.028820	0.531133
0.028840	0.333806
0.028860	0.120693
0.028880	-0.090119
0.028900	-0.311454
0.028920	-0.528514
0.028940	-0.748863
0.028960	-0.974802
0.028980	-1.193836
0.029000	-1.419446
0.029020	-1.626311
0.029040	-1.841398
0.029060	-2.043329
0.029080	-2.240985
0.029100	-2.429433
0.029120	-2.605054
0.029140	-2.781333
0.029160	-2.934590
0.029180	-3.082257
0.029200	-3.213479
0.029220	-3.331876
0.029240	-3.437775
0.029260	-3.519336
0.029280	-3.591690
0.029300	-3.653190
0.029320	-3.687065
0.029340	-3.716006
0.029360	-3.726859
0.029380	-3.713704
0.029400	-3.691669
0.029420	-3.642995
0.029440	-3.579521
0.029460	-3.511443
0.029480	-3.416397
0.029500	-3.312472
0.029520	-3.190129
0.029540	-3.049040
0.029560	-2.901702
0.029580	-2.746800
0.029600	-2.569535
0.029620	-2.378785
0.029640	-2.193627
0.029660	-1.986104
0.029680	-1.778911
0.029700	-1.561193
0.029720	-1.342489
0.029740	-1.119180
0.029760	-0.893241
0.029780	-0.662368
0.029800	-0.430179
0.029820	-0.205555
0.029840	0.023673
0.029860	0.245666
0.029880	0.463713
0.029900	0.672551
0.029920	0.877443
0.029940	1.077072
0.029960	1.262560
0.029980	1.438839
0.030000	1.600648
0.030020	1.752590
0.030040	1.894995
0.030060	2.015036
0.030080	2.128170
0.030100	2.225519
0.030120	2.305436
0.030140	2.367923
0.030160	2.413966
0.030180	2.446854
0.030200	2.463627
0.030220	2.458694
0.030240	2.431068
0.030260	2.407389
0.030280	2.345888
0.030300	2.284388
0.030320	2.196577
0.030340	2.097913
0.030360	1.989383
0.030380	1.853227
0.030400	1.708520
0.030420	1.560854
0.030440	1.391810
0.030460	1.219477
0.030480	1.027083
0.030500	0.830084
0.030520	0.634072
0.030540	0.423919
0.030560	0.218698
0.030580	-0.006584
0.030600	-0.227261
0.030620	-0.449254
0.030640	-0.673550
0.030660	-0.890281
0.030680	-1.114576
0.030700	-1.329991
0.030720	-1.537185
0.030740	-1.744050
0.030760	-1.937759
0.030780	-2.128509
0.030800	-2.312023
0.030820	-2.477449
0.030840	-2.637284
0.030860	-2.775084
0.030880	-2.909595
0.030900	-3.036871
0.030920	-3.133891
0.030940	-3.223017
0.030960	-3.288792
0.030980	-3.353582
0.031000	-3.402256
0.031020	-3.418371
0.031040	-3.429553
0.031060	-3.416397
0.031080	-3.393047
0.031100	-3.351608
0.031120	-3.287477
0.031140	-3.216439
0.031160	-3.125340
0.031180	-3.020756
0.031200	-2.895782
0.031220	-2.763902
0.031240	-2.618209
0.031260	-2.453770
0.031280	-2.282095
0.031300	-2.093976
0.031320	-1.903556
0.031340	-1.703598
0.031360	-1.493773
0.031380	-1.276055
0.031400	-1.054720
0.031420	-0.831740
0.031440	-0.603498
0.031460	-0.372954
0.031480	-0.140437
0.031500	0.083529
0.031520	0.311442
0.031540	0.534422
0.031560	0.750496
0.031580	0.962951
0.031600	1.167843
0.031620	1.362539
0.031640	1.550658
0.031660	1.729897
0.031680	1.894008
0.031700	2.045622
0.031720	2.188684
0.031740	2.306423
0.031760	2.426135
0.031780	2.516577
0.031800	2.592219
0.031820	2.664244
0.031840	2.709300
0.031860	2.740544
0.031880	2.756001
0.031900	2.753699
0.031920	2.734624
0.031940	2.697461
0.031960	2.643853
0.031980	2.583668
0.032000	2.499804
0.032020	2.400154
0.032040	2.284717
0.032060	2.156783
0.032080	2.020298
0.032100	1.861449
0.032120	1.693721
0.032140	1.521388
0.032160	1.331296
0.032180	1.140217
0.032200	0.934668
0.032220	0.730434
0.032240	0.515018
0.032260	0.293354
0.032280	0.072018
0.032300	-0.148001
0.032320	-0.371968
0.032340	-0.590343
0.032360	-0.810034
0.032380	-1.023805
0.032400	-1.235932
0.032420	-1.440495
0.032440	-1.635191
0.032460	-1.822323
0.032480	-2.007152
0.032500	-2.179156
0.032520	-2.336031
0.032540	-2.477120
0.032560	-2.612947
0.032580	-2.734303
0.032600	-2.838886
0.032620	-2.930644
0.032640	-2.996090
0.032660	-3.061537
0.032680	-3.104620
0.032700	-3.120407
0.032720	-3.131917
0.032740	-3.119091
0.032760	-3.093110
0.032780	-3.058577
0.032800	-2.994775
0.032820	-2.925053
0.032840	-2.836255
0.032860	-2.729699
0.032880	-2.607027
0.032900	-2.475476
0.032920	-2.321889
0.032940	-2.164356
0.032960	-1.989064
0.032980	-1.806208
0.033000	-1.612169
0.033020	-1.410896
0.033040	-1.206333
0.033060	-0.990589
0.033080	-0.768924
0.033100	-0.542985
0.033120	-0.310796
0.033140	-0.085186
0.033160	0.144372
0.033180	0.370969
0.033200	0.600198
0.033220	0.824493
0.033240	1.034318
0.033260	1.253680
0.033280	1.455941
0.033300	1.650309
0.033320	1.841387
0.033340	2.016022
0.033360	2.183093
0.033380	2.332075
0.033400	2.474480
0.033420	2.601757
0.033440	2.711274
0.033460	2.813555
0.033480	2.883935
0.033500	2.954644
0.033520	3.005292
0.033540	3.036207
0.033560	3.051006
0.033580	3.045415
0.033600	3.029958
0.033620	2.999701
0.033640	2.942476
0.033660	2.880318
0.033680	2.800071
0.033700	2.701407
0.033720	2.585970
0.033740	2.452116
0.033760	2.309383
0.033780	2.161058
0.033800	1.992672
0.033820	1.819353
0.033840	1.631891
0.033860	1.441470
0.033880	1.241841
0.033900	1.030372
0.033920	0.817587
0.033940	0.598225
0.033960	0.376560
0.033980	0.153580
0.034000	-0.066111
0.034020	-0.288104
0.034040	-0.505493
0.034060	-0.723539
0.034080	-0.932377
0.034100	-1.137597
0.034120	-1.337884
0.034140	-1.526003
0.034160	-1.703598
0.034180	-1.875272
0.034200	-2.033463
0.034220	-2.175867
0.034240	-2.313338
0.034260	-2.432064
0.034280	-2.538291
0.034300	-2.625444
0.034320	-2.696153
0.034340	-2.761600
0.034360	-2.804354
0.034380	-2.823429
0.034400	-2.837242
0.034420	-2.828033
0.034440	-2.801723
0.034460	-2.761929
0.034480	-2.702073
0.034500	-2.631035
0.034520	-2.539607
0.034540	-2.436997
0.034560	-2.314654
0.034580	-2.180800
0.034600	-2.030832
0.034620	-1.870339
0.034640	-1.700638
0.034660	-1.523372
0.034680	-1.322098
0.034700	-1.120496
0.034720	-0.918564
0.034740	-0.699860
0.034760	-0.484773
0.034780	-0.252585
0.034800	-0.026645
0.034820	0.196992
0.034840	0.435101
0.034860	0.660712
0.034880	0.891585
0.034900	1.112262
0.034920	1.326363
0.034940	1.549014
0.034960	1.745026
0.034980	1.939065
0.035000	2.130472
0.035020	2.305107
0.035040	2.469218
0.035060	2.615898
0.035080	2.767183
0.035100	2.896104
0.035120	3.003976
0.035140	3.105600
0.035160	3.182887
0.035180	3.254912
0.035200	3.307204
0.035220	3.328252
0.035240	3.346998
0.035260	3.344367
0.035280	3.328581
0.035300	3.292075
0.035320	3.241428
0.035340	3.177296
0.035360	3.095076
0.035380	3.004305
0.035400	2.883935
0.035420	2.755015
0.035440	2.619187
0.035460	2.461654
0.035480	2.297543
0.035500	2.126197
0.035520	1.930514
0.035540	1.742066
0.035560	1.543094
0.035580	1.332611
0.035600	1.122129
0.035620	0.901451
0.035640	0.678800
0.035660	0.461411
0.035680	0.227907
0.035700	0.016767
0.035720	-0.202595
0.035740	-0.421957
0.035760	-0.627507
0.035780	-0.837660
0.035800	-1.028081
0.035820	-1.221133
0.035840	-1.403002
0.035860	-1.573690
0.035880	-1.734841
0.035900	-1.874614
0.035920	-2.017019
0.035940	-2.135744
0.035960	-2.239341
0.035980	-2.326165
0.036000	-2.401149
0.036020	-2.465609
0.036040	-2.508692
0.036060	-2.524479
0.036080	-2.537305
0.036100	-2.534016
0.036120	-2.504417
0.036140	-2.473173
0.036160	-2.404438
0.036180	-2.341622
0.036200	-2.252167
0.036220	-2.139362
0.036240	-2.028201
0.036260	-1.885796
0.036280	-1.744707
0.036300	-1.580926
0.036320	-1.406949
0.036340	-1.228697
0.036360	-1.029067
0.036380	-0.835358
0.036400	-0.621916
0.036420	-0.408145
0.036440	-0.193716
0.036460	0.034526
0.036480	0.262439
0.036500	0.494299
0.036520	0.722870
0.036540	0.950454
0.036560	1.176723
0.036580	1.399703
0.036600	1.618736
0.036620	1.830863
0.036640	2.035755
0.036660	2.233741
0.036680	2.418900
0.036700	2.596166
0.036720	2.762908
0.036740	2.913863
0.036760	3.058899
0.036780	3.186834
0.036800	3.296679
0.036820	3.393370
0.036840	3.484470
0.036860	3.543010
0.036880	3.597605
0.036900	3.624244
0.036920	3.646608
0.036940	3.642661
0.036960	3.625559
0.036980	3.592014
0.037000	3.536433
0.037020	3.476906
0.037040	3.393370
0.037060	3.293720
0.037080	3.180914
0.037100	3.057584
0.037120	2.916166
0.037140	2.763237
0.037160	2.598139
0.037180	2.422188
0.037200	2.235385
0.037220	2.041675
0.037240	1.842703
0.037260	1.635838
0.037280	1.424698
0.037300	1.202704
0.037320	0.981697
0.037340	0.762335
0.037360	0.536067
0.037380	0.320651
0.037400	0.096027
0.037420	-0.114127
0.037440	-0.326583
0.037460	-0.535749
0.037480	-0.731103
0.037500	-0.926457
0.037520	-1.100763
0.037540	-1.270793
0.037560	-1.433588
0.037580	-1.575664
0.037600	-1.715437
0.037620	-1.837451
0.037640	-1.942034
0.037660	-2.034120
0.037680	-2.103514
0.037700	-2.170276
0.037720	-2.216319
0.037740	-2.231448
0.037760	-2.248878
0.037780	-2.237367
0.037800	-2.213359
0.037820	-2.176854
0.037840	-2.117656
0.037860	-2.039383
0.037880	-1.959136
0.037900	-1.853237
0.037920	-1.729908
0.037940	-1.598356
0.037960	-1.453650
0.037980	-1.290197
0.038000	-1.123127
0.038020	-0.941257
0.038040	-0.745245
0.038060	-0.544300
0.038080	-0.341711
0.038100	-0.125309
0.038120	0.102933
0.038140	0.323282
0.038160	0.548564
0.038180	0.785686
0.038200	1.013928
0.038220	1.234277
0.038240	1.461532
0.038260	1.687143
0.038280	1.903217
0.038300	2.113042
0.038320	2.321222
0.038340	2.521510
0.038360	2.709629
0.038380	2.882291
0.038400	3.054295
0.038420	3.207882
0.038440	3.347985
0.038460	3.476248
0.038480	3.588396
0.038500	3.686731
0.038520	3.771253
0.038540	3.833083
0.038560	3.893268
0.038580	3.922867
0.038600	3.939311
0.038620	3.941613
0.038640	3.918592
0.038660	3.889979
0.038680	3.842620
0.038700	3.775529
0.038720	3.692322
0.038740	3.591356
0.038760	3.487101
0.038780	3.357522
0.038800	3.216104
0.038820	3.061859
0.038840	2.897091
0.038860	2.725415
0.038880	2.526772
0.038900	2.326485
0.038920	2.123566
0.038940	1.905519
0.038960	1.688459
0.038980	1.461532
0.039000	1.233619
0.039020	1.007350
0.039040	0.776477
0.039060	0.548564
0.039080	0.321637
0.039100	0.094711
0.039120	-0.121033
0.039140	-0.333489
0.039160	-0.535092
0.039180	-0.737023
0.039200	-0.920209
0.039220	-1.099447
0.039240	-1.275069
0.039260	-1.426024
0.039280	-1.559549
0.039300	-1.694718
0.039320	-1.811799
0.039340	-1.906516
0.039360	-1.990051
0.039380	-2.055826
0.039400	-2.108447
0.039420	-2.139362
0.039440	-2.162054
0.039460	-2.158765
0.039480	-2.142322
0.039500	-2.114367
0.039520	-2.063391
0.039540	-1.997944
0.039560	-1.915724
0.039580	-1.811141
0.039600	-1.707544
0.039620	-1.576979
0.039640	-1.440823
0.039660	-1.286251
0.039680	-1.120496
0.039700	-0.948492
0.039720	-0.763333
0.039740	-0.573899
0.039760	-0.370323
0.039780	-0.162801
0.039800	0.052615
0.039820	0.266386
0.039840	0.491997
0.039860	0.710043
0.039880	0.930721
0.039900	1.156332
0.039920	1.376681
0.039940	1.588808
0.039960	1.802251
0.039980	2.007143
0.040000	2.202826
0.040020	2.399496
0.040040	2.575446
0.040060	2.744490
0.040080	2.908930
0.040100	3.055611
0.040120	3.189136
0.040140	3.311808
0.040160	3.423627
0.040180	3.508149
0.040200	3.588725
0.040220	3.651870
0.040240	3.695611
0.040260	3.724881
0.040280	3.730801
0.040300	3.726526
0.040320	3.704491
0.040340	3.664038
0.040360	3.605169
0.040380	3.530842
0.040400	3.447635
0.040420	3.332527
0.040440	3.220050
0.040460	3.088827
0.040480	2.942147
0.040500	2.783627
0.040520	2.610636
0.040540	2.433699
0.040560	2.240318
0.040580	2.039373
0.040600	1.832837
0.040620	1.620710
0.040640	1.400361
0.040660	1.172776
0.040680	0.943876
0.040700	0.718265
0.040720	0.487064
0.040740	0.256848
0.040760	0.032224
0.040780	-0.188454
0.040800	-0.408473
0.040820	-0.626191
0.040840	-0.826478
0.040860	-1.027094
0.040880	-1.214884
0.040900	-1.387216
0.040920	-1.560864
0.040940	-1.712806
0.040960	-1.849291
0.040980	-1.987749
0.041000	-2.102198
0.041020	-2.194284
0.041040	-2.285713
0.041060	-2.353133
0.041080	-2.404438
0.041100	-2.432721
0.041120	-2.460676
0.041140	-2.461334
0.041160	-2.434695
0.041180	-2.409042
0.041200	-2.361684
0.041220	-2.293935
0.041240	-2.215661
0.041260	-2.107460
0.041280	-2.006166
0.041300	-1.880863
0.041320	-1.743721
0.041340	-1.590134
0.041360	-1.423393
0.041380	-1.248758
0.041400	-1.069520
0.041420	-0.872521
0.041440	-0.673550
0.041460	-0.463725
0.041480	-0.250283
0.041500	-0.034538
0.041520	0.191073
0.041540	0.408462
0.041560	0.630784
0.041580	0.853435
0.041600	1.070495
0.041620	1.289528
0.041640	1.497380
0.041660	1.708191
0.041680	1.902559
0.041700	2.099229
0.041720	2.280770
0.041740	2.443237
0.041760	2.608663
0.041780	2.759290
0.041800	2.888869
0.041820	3.015487
0.041840	3.118755
0.041860	3.212815
0.041880	3.292733
0.041900	3.354233
0.041920	3.397317
0.041940	3.424614
0.041960	3.438427
0.041980	3.432507
0.042000	3.404881
0.042020	3.370349
0.042040	3.316083
0.042060	3.239125
0.042080	3.151315
0.042100	3.045744
0.042120	2.929979
0.042140	2.799084
0.042160	2.654048
0.042180	2.494213
0.042200	2.326485
0.042220	2.138366
0.042240	1.953864
0.042260	1.750617
0.042280	1.545067
0.042300	1.331296
0.042320	1.108316
0.042340	0.884020
0.042360	0.655121
0.042380	0.423261
0.042400	0.198966
0.042420	-0.030263
0.042440	-0.252256
0.042460	-0.478525
0.042480	-0.697558
0.042500	-0.911329
0.042520	-1.116878
0.042540	-1.314863
0.042560	-1.501995
0.042580	-1.676629
0.042600	-1.850606
0.042620	-2.004850
0.042640	-2.142322
0.042660	-2.280779
0.042680	-2.394571
0.042700	-2.490933
0.042720	-2.578743
0.042740	-2.648466
0.042760	-2.698455
0.042780	-2.729370
0.042800	-2.752063
0.042820	-2.756338
0.042840	-2.734303
0.042860	-2.707993
0.042880	-2.658990
0.042900	-2.592227
0.042920	-2.513626
0.042940	-2.408713
0.042960	-2.305116
0.042980	-2.175209
0.043000	-2.042671
0.043020	-1.892045
0.043040	-1.724975
0.043060	-1.549353
0.043080	-1.367812
0.043100	-1.174103
0.043120	-0.974474
0.043140	-0.761360
0.043160	-0.555482
0.043180	-0.335133
0.043200	-0.115442
0.043220	0.104906
0.043240	0.327557
0.043260	0.544617
0.043280	0.769242
0.043300	0.985315
0.043320	1.190865
0.043340	1.403649
0.043360	1.605581
0.043380	1.790082
0.043400	1.971953
0.043420	2.146916
0.043440	2.313329
0.043460	2.453103
0.043480	2.584655
0.043500	2.717522
0.043520	2.819146
0.043540	2.911890
0.043560	2.991808
0.043580	3.051335
0.043600	3.102311
0.043620	3.127964
0.043640	3.141777
0.043660	3.137173
0.043680	3.113493
0.043700	3.076659
0.043720	3.021078
0.043740	2.947409
0.043760	2.855652
0.043780	2.749424
0.043800	2.636289
0.043820	2.506710
0.043840	2.365621
0.043860	2.203812
0.043880	2.032466
0.043900	1.849938
0.043920	1.660175
0.043940	1.460545
0.043960	1.254996
0.043980	1.038594
0.044000	0.823507
0.044020	0.596909
0.044040	0.369983
0.044060	0.145687
0.044080	-0.087159
0.044100	-0.317374
0.044120	-0.541340
0.044140	-0.765965
0.044160	-0.985655
0.044180	-1.203044
0.044200	-1.405962
0.044220	-1.604276
0.044240	-1.793052
0.044260	-1.971634
0.044280	-2.142650
0.044300	-2.294263
0.044320	-2.430090
0.044340	-2.569535
0.044360	-2.681354
0.044380	-2.782648
0.044400	-2.873090
0.044420	-2.939523
0.044440	-2.997406
0.044460	-3.022730
0.044480	-3.047396
0.044500	-3.052000
0.044520	-3.027334
0.044540	-3.010890
0.044560	-2.950047
0.044580	-2.890849
0.044600	-2.810274
0.044620	-2.707006
0.044640	-2.607685
0.044660	-2.478764
0.044680	-2.346226
0.044700	-2.191982
0.044720	-2.029187
0.044740	-1.851264
0.044760	-1.673998
0.044780	-1.479302
0.044800	-1.281646
0.044820	-1.071493
0.044840	-0.858051
0.044860	-0.641648
0.044880	-0.419984
0.044900	-0.200293
0.044920	0.025975
0.044940	0.243035
0.044960	0.466344
0.044980	0.677813
0.045000	0.896847
0.045020	1.099436
0.045040	1.299066
0.045060	1.492776
0.045080	1.672672
0.045100	1.846978
0.045120	2.005498
0.045140	2.157441
0.045160	2.288006
0.045180	2.418900
0.045200	2.519537
0.045220	2.613267
0.045240	2.695487
0.045260	2.758632
0.045280	2.805662
0.045300	2.827368
0.045320	2.845128
0.045340	2.843812
0.045360	2.817173
0.045380	2.783956
0.045400	2.727060
0.045420	2.653062
0.045440	2.566567
0.045460	2.457379
0.045480	2.343915
0.045500	2.216639
0.045520	2.071603
0.045540	1.916701
0.045560	1.746341
0.045580	1.562498
0.045600	1.376352
0.045620	1.178038
0.045640	0.963609
0.045660	0.750496
0.045680	0.535080
0.045700	0.310784
0.045720	0.085502
0.045740	-0.146028
0.045760	-0.374270
0.045780	-0.603170
0.045800	-0.832069
0.045820	-1.057022
0.045840	-1.271122
0.045860	-1.486866
0.045880	-1.691100
0.045900	-1.895991
0.045920	-2.078848
0.045940	-2.263020
0.045960	-2.432392
0.045980	-2.580717
0.046000	-2.727397
0.046020	-2.857633
0.046040	-2.970438
0.046060	-3.075350
0.046080	-3.160530
0.046100	-3.231239
0.046120	-3.287148
0.046140	-3.316418
0.046160	-3.342729
0.046180	-3.348648
0.046200	-3.323654
0.046220	-3.300632
0.046240	-3.253931
0.046260	-3.181249
0.046280	-3.106594
0.046300	-3.007272
0.046320	-2.901702
0.046340	-2.782648
0.046360	-2.643861
0.046380	-2.491591
0.046400	-2.328138
0.046420	-2.153503
0.046440	-1.971305
0.046460	-1.778582
0.046480	-1.577637
0.046500	-1.375706
0.046520	-1.158317
0.046540	-0.942901
0.046560	-0.727815
0.046580	-0.505164
0.046600	-0.277909
0.046620	-0.050653
0.046640	0.164105
0.046660	0.378862
0.046680	0.592305
0.046700	0.799499
0.046720	0.998141
0.046740	1.185274
0.046760	1.373392
0.046780	1.547041
0.046800	1.707863
0.046820	1.853227
0.046840	1.984779
0.046860	2.119619
0.046880	2.216639
0.046900	2.313987
0.046920	2.401140
0.046940	2.459681
0.046960	2.507039
0.046980	2.531705
0.047000	2.548149
0.047020	2.548807
0.047040	2.519208
0.047060	2.487964
0.047080	2.430739
0.047100	2.364963
0.047120	2.276166
0.047140	2.166978
0.047160	2.056146
0.047180	1.923278
0.047200	1.783505
0.047220	1.628603
0.047240	1.452981
0.047260	1.274729
0.047280	1.084308
0.047300	0.883692
0.047320	0.680773
0.047340	0.461411
0.047360	0.244680
0.047380	0.023016
0.047400	-0.207528
0.047420	-0.431166
0.047440	-0.660394
0.047460	-0.893569
0.047480	-1.119180
0.047500	-1.345120
0.047520	-1.560864
0.047540	-1.776609
0.047560	-1.986104
0.047580	-2.186391
0.047600	-2.367603
0.047620	-2.547829
0.047640	-2.718846
0.047660	-2.877036
0.047680	-3.019112
0.047700	-3.143099
0.047720	-3.258865
0.047740	-3.368381
0.047760	-3.457507
0.047780	-3.525914
0.047800	-3.579850
0.047820	-3.612409
0.047840	-3.639048
0.047860	-3.642008
0.047880	-3.622604
0.047900	-3.599583
0.047920	-3.548936
0.047940	-3.485133
0.047960	-3.402913
0.047980	-3.301290
0.048000	-3.200653
0.048020	-3.077323
0.048040	-2.941168
0.048060	-2.793830
0.048080	-2.630377
0.048100	-2.457716
0.048120	-2.273544
0.048140	-2.084439
0.048160	-1.883494
0.048180	-1.675314
0.048200	-1.463187
0.048220	-1.246785
0.048240	-1.026765
0.048260	-0.804114
0.048280	-0.583108
0.048300	-0.362430
0.048320	-0.142410
0.048340	0.071361
0.048360	0.290065
0.048380	0.492654
0.048400	0.698862
0.048420	0.887967
0.048440	1.071153
0.048460	1.248747
0.048480	1.406938
0.048500	1.561182
0.048520	1.688788
0.048540	1.813104
0.048560	1.919990
0.048580	2.018325
0.048600	2.099887
0.048620	2.161387
0.048640	2.208746
0.048660	2.234727
0.048680	2.253802
0.048700	2.247882
0.048720	2.224203
0.048740	2.196577
0.048760	2.140010
0.048780	2.071274
0.048800	1.980175
0.048820	1.879209
0.048840	1.764430
0.048860	1.625643
0.048880	1.492118
0.048900	1.335900
0.048920	1.165541
0.048940	0.987288
0.048960	0.796210
0.048980	0.598225
0.049000	0.388400
0.049020	0.176931
0.049040	-0.044076
0.049060	-0.267056
0.049080	-0.495297
0.049100	-0.723539
0.049120	-0.946848
0.049140	-1.178707
0.049160	-1.407936
0.049180	-1.628942
0.049200	-1.845344
0.049220	-2.062733
0.049240	-2.271571
0.049260	-2.473831
0.049280	-2.660634
0.049300	-2.842175
0.049320	-3.012863
0.049340	-3.167765
0.049360	-3.308196
0.049380	-3.444352
0.049400	-3.550909
0.049420	-3.657137
0.049440	-3.745934
0.049460	-3.817629
0.049480	-3.874525
0.049500	-3.904125
0.049520	-3.929448
0.049540	-3.937670
0.049560	-3.915964
0.049580	-3.892285
0.049600	-3.847557
0.049620	-3.783097
0.049640	-3.707126
0.049660	-3.607147
0.049680	-3.501577
0.049700	-3.374301
0.049720	-3.241105
0.049740	-3.097385
0.049760	-2.932288
0.049780	-2.760942
0.049800	-2.578415
0.049820	-2.384047
0.049840	-2.188693
0.049860	-1.975580
0.049880	-1.770360
0.049900	-1.554287
0.049920	-1.328676
0.049940	-1.108985
0.049960	-0.885347
0.049980	-0.656777
0.050000	-0.429522
0.050020	-0.208844
0.050040	0.009531
0.050060	0.229880
0.050080	0.431812
0.050100	0.633086
0.050120	0.824822
0.050140	1.003732
0.050160	1.176394
0.050180	1.334256
0.050200	1.480607
0.050220	1.606568
0.050240	1.713453
0.050260	1.820339
0.050280	1.911110
0.050300	1.982148
0.050320	2.038057
0.050340	2.071274
0.050360	2.102518
0.050380	2.103833
0.050400	2.085745
0.050420	2.060421
0.050440	2.017009
0.050460	1.952549
0.050480	1.869013
0.050500	1.774954
0.050520	1.666753
0.050540	1.542765
0.050560	1.410227
0.050580	1.259929
0.050600	1.103712
0.050620	0.931050
0.050640	0.744576
0.050660	0.554155
0.050680	0.355512
0.050700	0.149634
0.050720	-0.062493
0.050740	-0.278237
0.050760	-0.496942
0.050780	-0.716962
0.050800	-0.944217
0.050820	-1.162921
0.050840	-1.384914
0.050860	-1.604934
0.050880	-1.814101
0.050900	-2.020636
0.050920	-2.223555
0.050940	-2.417593
0.050960	-2.593872
0.050980	-2.768835
0.051000	-2.936892
0.051020	-3.082257
0.051040	-3.220057
0.051060	-3.343057
0.051080	-3.447970
0.051100	-3.549264
0.051120	-3.629182
0.051140	-3.698904
0.051160	-3.748894
0.051180	-3.773231
0.051200	-3.790990
0.051220	-3.787701
0.051240	-3.765338
0.051260	-3.737383
0.051280	-3.680487
0.051300	-3.611751
0.051320	-3.524927
0.051340	-3.418371
0.051360	-3.310827
0.051380	-3.172369
0.051400	-3.033912
0.051420	-2.879996
0.051440	-2.712268
0.051460	-2.536976
0.051480	-2.340964
0.051500	-2.145281
0.051520	-1.943350
0.051540	-1.721686
0.051560	-1.508244
0.051580	-1.284277
0.051600	-1.057351
0.051620	-0.826478
0.051640	-0.594619
0.051660	-0.369008
0.051680	-0.136162
0.051700	0.087805
0.051720	0.301576
0.051740	0.518636
0.051760	0.728790
0.051780	0.922170
0.051800	1.107000
0.051820	1.294790
0.051840	1.464163
0.051860	1.622683
0.051880	1.773967
0.051900	1.898941
0.051920	2.011747
0.051940	2.121264
0.051960	2.207759
0.051980	2.276824
0.052000	2.336351
0.052020	2.369568
0.052040	2.393247
0.052060	2.402456
0.052080	2.382065
0.052100	2.357070
0.052120	2.316947
0.052140	2.248869
0.052160	2.170596
0.052180	2.074563
0.052200	1.964059
0.052220	1.844676
0.052240	1.709836
0.052260	1.566116
0.052280	1.403978
0.052300	1.232632
0.052320	1.053393
0.052340	0.856066
0.052360	0.654792
0.052380	0.450558
0.052400	0.238102
0.052420	0.025318
0.052440	-0.196347
0.052460	-0.416366
0.052480	-0.635729
0.052500	-0.866273
0.052520	-1.080373
0.052540	-1.297761
0.052560	-1.509230
0.052580	-1.718068
0.052600	-1.923288
0.052620	-2.110749
0.052640	-2.292290
0.052660	-2.466925
0.052680	-2.634324
0.052700	-2.784293
0.052720	-2.918475
0.052740	-3.046409
0.052760	-3.146388
0.052780	-3.253931
0.052800	-3.333849
0.052820	-3.395349
0.052840	-3.450272
0.052860	-3.473622
0.052880	-3.498946
0.052900	-3.493355
0.052920	-3.467374
0.052940	-3.441721
0.052960	-3.386469
0.052980	-3.316747
0.053000	-3.230910
0.053020	-3.124682
0.053040	-3.018125
0.053060	-2.880654
0.053080	-2.743183
0.053100	-2.591570
0.053120	-2.421539
0.053140	-2.243287
0.053160	-2.053195
0.053180	-1.852251
0.053200	-1.644070
0.053220	-1.433588
0.053240	-1.214884
0.053260	-0.994535
0.053280	-0.767280
0.053300	-0.542327
0.053320	-0.309810
0.053340	-0.078937
0.053360	0.146674
0.053380	0.368667
0.053400	0.590989
0.053420	0.808707
0.053440	1.013599
0.053460	1.217504
0.053480	1.400032
0.053500	1.583875
0.053520	1.753248
0.053540	1.913412
0.053560	2.057461
0.053580	2.190328
0.053600	2.305107
0.053620	2.409691
0.053640	2.500462
0.053660	2.569198
0.053680	2.633000
0.053700	2.664902
0.053720	2.690554
0.053740	2.694501
0.053760	2.681017
0.053780	2.656680
0.053800	2.609321
0.053820	2.547492
0.053840	2.463298
0.053860	2.375488
0.053880	2.267615
0.053900	2.139023
0.053920	2.011747
0.053940	1.865067
0.053960	1.702272
0.053980	1.530926
0.054000	1.346753
0.054020	1.157977
0.054040	0.953743
0.054060	0.751811
0.054080	0.537382
0.054100	0.325913
0.054120	0.102933
0.054140	-0.118073
0.054160	-0.336449
0.054180	-0.565349
0.054200	-0.776489
0.054220	-1.001771
0.054240	-1.206662
0.054260	-1.414513
0.054280	-1.619733
0.054300	-1.811799
0.054320	-1.989393
0.054340	-2.172250
0.054360	-2.329453
0.054380	-2.488302
0.054400	-2.624458
0.054420	-2.741538
0.054440	-2.853686
0.054460	-2.955638
0.054480	-3.036543
0.054500	-3.106265
0.054520	-3.153623
0.054540	-3.175658
0.054560	-3.203284
0.054580	-3.201311
0.054600	-3.175329
0.054620	-3.145730
0.054640	-3.100016
0.054660	-3.023387
0.054680	-2.936563
0.054700	-2.842833
0.054720	-2.723450
0.054740	-2.591570
0.054760	-2.457387
0.054780	-2.302157
0.054800	-2.130153
0.054820	-1.956505
0.054840	-1.769044
0.054860	-1.567113
0.054880	-1.359919
0.054900	-1.147793
0.054920	-0.932706
0.054940	-0.702491
0.054960	-0.475565
0.054980	-0.250283
0.055000	-0.025001
0.055020	0.209490
0.055040	0.433456
0.055060	0.658738
0.055080	0.878758
0.055100	1.094503
0.055120	1.304986
0.055140	1.497709
0.055160	1.691090
0.055180	1.872960
0.055200	2.046937
0.055220	2.206772
0.055240	2.344244
0.055260	2.481716
0.055280	2.595508
0.055300	2.705025
0.055320	2.789218
0.055340	2.866505
0.055360	2.924716
0.055380	2.957604
0.055400	2.980955
0.055420	2.989177
0.055440	2.974048
0.055460	2.955960
0.055480	2.906957
0.055500	2.845785
0.055520	2.767512
0.055540	2.674768
0.055560	2.576104
0.055580	2.439619
0.055600	2.311027
0.055620	2.165334
0.055640	1.999578
0.055660	1.834481
0.055680	1.652940
0.055700	1.457585
0.055720	1.266507
0.055740	1.057011
0.055760	0.847515
0.055780	0.628481
0.055800	0.407475
0.055820	0.183837
0.055840	-0.037169
0.055860	-0.255216
0.055880	-0.477538
0.055900	-0.695256
0.055920	-0.908040
0.055940	-1.112274
0.055960	-1.313219
0.055980	-1.507915
0.056000	-1.697349
0.056020	-1.868037
0.056040	-2.031818
0.056060	-2.184747
0.056080	-2.326494
0.056100	-2.448179
0.056120	-2.550789
0.056140	-2.657017
0.056160	-2.734632
0.056180	-2.802052
0.056200	-2.852370
0.056220	-2.882956
0.056240	-2.907622
0.056260	-2.905320
0.056280	-2.880325
0.056300	-2.852370
0.056320	-2.801394
0.056340	-2.734961
0.056360	-2.650110
0.056380	-2.553420
0.056400	-2.436339
0.056420	-2.304459
0.056440	-2.169290
0.056460	-2.009126
0.056480	-1.837780
0.056500	-1.663145
0.056520	-1.474369
0.056540	-1.278029
0.056560	-1.074453
0.056580	-0.862655
0.056600	-0.644608
0.056620	-0.417353
0.056640	-0.193058
0.056660	0.039131
0.056680	0.268359
0.056700	0.496601
0.056720	0.727803
0.056740	0.947494
0.056760	1.169816
0.056780	1.380299
0.056800	1.591768
0.056820	1.793371
0.056840	1.984121
0.056860	2.162374
0.056880	2.333062
0.056900	2.497173
0.056920	2.639907
0.056940	2.770801
0.056960	2.883278
0.056980	2.999701
0.057000	3.085210
0.057020	3.161181
0.057040	3.215446
0.057060	3.255241
0.057080	3.281880
0.057100	3.285169
0.057120	3.272671
0.057140	3.251294
0.057160	3.203606
0.057180	3.147697
0.057200	3.064490
0.057220	2.975364
0.057240	2.868478
0.057260	2.742517
0.057280	2.612281
0.057300	2.463298
0.057320	2.296556
0.057340	2.133432
0.057360	1.951891
0.057380	1.763443
0.057400	1.566773
0.057420	1.358593
0.057440	1.151070
0.057460	0.932366
0.057480	0.711030
0.057500	0.487721
0.057520	0.266715
0.057540	0.044722
0.057560	-0.177272
0.057580	-0.391372
0.057600	-0.604485
0.057620	-0.812994
0.057640	-1.014926
0.057660	-1.207977
0.057680	-1.390834
0.057700	-1.566784
0.057720	-1.729579
0.057740	-1.883823
0.057760	-2.021294
0.057780	-2.152188
0.057800	-2.257429
0.057820	-2.360368
0.057840	-2.439957
0.057860	-2.505404
0.057880	-2.557695
0.057900	-2.587294
0.057920	-2.603409
0.057940	-2.613605
0.057960	-2.584992
0.057980	-2.556051
0.058000	-2.506390
0.058020	-2.436668
0.058040	-2.353791
0.058060	-2.252825
0.058080	-2.145610
0.058100	-2.012415
0.058120	-1.869352
0.058140	-1.721028
0.058160	-1.548367
0.058180	-1.376363
0.058200	-1.186271
0.058220	-0.986642
0.058240	-0.783395
0.058260	-0.566335
0.058280	-0.350591
0.058300	-0.127940
0.058320	0.098987
0.058340	0.323282
0.058360	0.554484
0.058380	0.785686
0.058400	1.010310
0.058420	1.238223
0.058440	1.453968
0.058460	1.673330
0.058480	1.881182
0.058500	2.080812
0.058520	2.275179
0.058540	2.453103
0.058560	2.623792
0.058580	2.784614
0.058600	2.932938
0.058620	3.070081
0.058640	3.186505
0.058660	3.291088
0.058680	3.382517
0.058700	3.455528
0.058720	3.506834
0.058740	3.544326
0.058760	3.570308
0.058780	3.584778
0.058800	3.567676
0.058820	3.547286
0.058840	3.503216
0.058860	3.443031
0.058880	3.363771
0.058900	3.276947
0.058920	3.171376
0.058940	3.046731
0.058960	2.912877
0.058980	2.766196
0.059000	2.605703
0.059020	2.437317
0.059040	2.256433
0.059060	2.065025
0.059080	1.864409
0.059100	1.659517
0.059120	1.445088
0.059140	1.227370
0.059160	1.012283
0.059180	0.791934
0.059200	0.569941
0.059220	0.348606
0.059240	0.127599
0.059260	-0.088145
0.059280	-0.301588
0.059300	-0.508781
0.059320	-0.709069
0.059340	-0.905080
0.059360	-1.092212
0.059380	-1.266189
0.059400	-1.430299
0.059420	-1.585530
0.059440	-1.723988
0.059460	-1.848633
0.059480	-1.963083
0.059500	-2.064706
0.059520	-2.142322
0.059540	-2.207440
0.059560	-2.260389
0.059580	-2.290975
0.059600	-2.304788
0.059620	-2.311365
0.059640	-2.291961
0.059660	-2.264993
0.059680	-2.205795
0.059700	-2.139691
0.059720	-2.064377
0.059740	-1.966372
0.059760	-1.857184
0.059780	-1.722015
0.059800	-1.581255
0.059820	-1.435890
0.059840	-1.257309
0.059860	-1.086621
0.059880	-0.898832
0.059900	-0.703806
0.059920	-0.494968
0.059940	-0.274949
0.059960	-0.066440
0.059980	0.160158
0.060000	0.389058
0.060020	0.611051
0.060040	0.843568
0.060060	1.071153
0.060080	1.299395
0.060100	1.525006
0.060120	1.744697
0.060140	1.963402
0.060160	2.166320
0.060180	2.374172
0.060200	2.565251
0.060220	2.740544
0.060240	2.918468
0.060260	3.075343
0.060280	3.218077
0.060300	3.358180
0.060320	3.477892
0.060340	3.578858
0.060360	3.672918
0.060380	3.739681
0.060400	3.799866
0.060420	3.843936
0.060440	3.861695
0.060460	3.877482
0.060480	3.867615
0.060500	3.842620
0.060520	3.801181
0.060540	3.740667
0.060560	3.660750
0.060580	3.578858
0.060600	3.467039
0.060620	3.346669
0.060640	3.211171
0.060660	3.064819
0.060680	2.904655
0.060700	2.735282
0.060720	2.557029
0.060740	2.371541
0.060760	2.168951
0.060780	1.964717
0.060800	1.753906
0.060820	1.536516
0.060840	1.317812
0.060860	1.092201
0.060880	0.875798
0.060900	0.651503
0.060920	0.431154
0.060940	0.211134
0.060960	0.000652
0.060980	-0.207200
0.061000	-0.412091
0.061020	-0.598236
0.061040	-0.791617
0.061060	-0.961976
0.061080	-1.134637
0.061100	-1.296775
0.061120	-1.440166
0.061140	-1.581584
0.061160	-1.691758
0.061180	-1.803905
0.061200	-1.890401
0.061220	-1.957163
0.061240	-2.022281
0.061260	-2.057142
0.061280	-2.085426
0.061300	-2.099567
0.061320	-2.086741
0.061340	-2.065364
0.061360	-2.021952
0.061380	-1.961767
0.061400	-1.887441
0.061420	-1.794039
0.061440	-1.694060
0.061460	-1.568100
0.061480	-1.435561
0.061500	-1.289539
0.061520	-1.130691
0.061540	-0.965923
0.061560	-0.781751
0.061580	-0.594619
0.061600	-0.391372
0.061620	-0.189769
0.061640	0.024660
0.061660	0.238760
0.061680	0.459767
0.061700	0.679787
0.061720	0.899149
0.061740	1.124102
0.061760	1.343793
0.061780	1.567431
0.061800	1.769363
0.061820	1.985108
0.061840	2.185066
0.061860	2.374501
0.061880	2.566895
0.061900	2.741859
0.061920	2.910575
0.061940	3.064490
0.061960	3.203935
0.061980	3.328581
0.062000	3.444347
0.062020	3.541037
0.062040	3.623586
0.062060	3.682127
0.062080	3.739023
0.062100	3.774871
0.062120	3.792302
0.062140	3.797893
0.062160	3.775200
0.062180	3.752178
0.062200	3.698900
0.062220	3.631150
0.062240	3.553206
0.062260	3.457502
0.062280	3.347327
0.062300	3.218406
0.062320	3.073699
0.062340	2.918797
0.062360	2.756988
0.062380	2.578735
0.062400	2.390287
0.062420	2.194933
0.062440	1.990041
0.062460	1.781203
0.062480	1.559538
0.062500	1.339847
0.062520	1.116209
0.062540	0.883692
0.062560	0.656765
0.062580	0.420959
0.062600	0.195677
0.062620	-0.027303
0.062640	-0.251269
0.062660	-0.461752
0.062680	-0.669932
0.062700	-0.873179
0.062720	-1.065902
0.062740	-1.251718
0.062760	-1.427339
0.062780	-1.581912
0.062800	-1.735499
0.062820	-1.867379
0.062840	-1.983473
0.062860	-2.091345
0.062880	-2.185734
0.062900	-2.251180
0.062920	-2.312681
0.062940	-2.357408
0.062960	-2.377141
0.062980	-2.388323
0.063000	-2.383061
0.063020	-2.359381
0.063040	-2.313338
0.063060	-2.256114
0.063080	-2.187378
0.063100	-2.094634
0.063120	-1.988406
0.063140	-1.870339
0.063160	-1.734183
0.063180	-1.587503
0.063200	-1.429313
0.063220	-1.261585
0.063240	-1.081688
0.063260	-0.893569
0.063280	-0.698544
0.063300	-0.492337
0.063320	-0.278895
0.063340	-0.065453
0.063360	0.153252
0.063380	0.375902
0.063400	0.600198
0.063420	0.821533
0.063440	1.040896
0.063460	1.262231
0.063480	1.477647
0.063500	1.682868
0.063520	1.883484
0.063540	2.073247
0.063560	2.270246
0.063580	2.440935
0.063600	2.604388
0.063620	2.763565
0.063640	2.901695
0.063660	3.032589
0.063680	3.140462
0.063700	3.242085
0.063720	3.326608
0.063740	3.386464
0.063760	3.448293
0.063780	3.476248
0.063800	3.493021
0.063820	3.505847
0.063840	3.480852
0.063860	3.452897
0.063880	3.398961
0.063900	3.330554
0.063920	3.261818
0.063940	3.161510
0.063960	3.049691
0.063980	2.921757
0.064000	2.782312
0.064020	2.634645
0.064040	2.468232
0.064060	2.287348
0.064080	2.096927
0.064100	1.903546
0.064120	1.705889
0.064140	1.490802
0.064160	1.273742
0.064180	1.049447
0.064200	0.828111
0.064220	0.597238
0.064240	0.360445
0.064260	0.135163
0.064280	-0.092421
0.064300	-0.316058
0.064320	-0.540683
0.064340	-0.753138
0.064360	-0.961976
0.064380	-1.159632
0.064400	-1.358933
0.064420	-1.536198
0.064440	-1.709188
0.064460	-1.871983
0.064480	-2.021952
0.064500	-2.162712
0.064520	-2.279793
0.064540	-2.381416
0.064560	-2.473502
0.064580	-2.541580
0.064600	-2.609329
0.064620	-2.651755
0.064640	-2.674447
0.064660	-2.690562
0.064680	-2.675434
0.064700	-2.657017
0.064720	-2.616893
0.064740	-2.551447
0.064760	-2.483369
0.064780	-2.395229
0.064800	-2.288344
0.064820	-2.167645
0.064840	-2.034778
0.064860	-1.891387
0.064880	-1.733525
0.064900	-1.565797
0.064920	-1.381954
0.064940	-1.193507
0.064960	-0.996180
0.064980	-0.794248
0.065000	-0.582450
0.065020	-0.369008
0.065040	-0.146357
0.065060	0.072347
0.065080	0.293683
0.065100	0.518636
0.065120	0.732736
0.065140	0.954072
0.065160	1.174092
0.065180	1.379970
0.065200	1.579929
0.065220	1.778900
0.065240	1.962415
0.065260	2.141983
0.065280	2.308725
0.065300	2.460010
0.065320	2.601757
0.065340	2.731335
0.065360	2.840852
0.065380	2.943791
0.065400	3.026340
0.065420	3.088170
0.065440	3.146052
0.065460	3.179927
0.065480	3.199660
0.065500	3.205580
0.065520	3.185189
0.065540	3.159865
0.065560	3.110862
0.065580	3.040482
0.065600	2.968457
0.065620	2.873740
0.065640	2.759619
0.065660	2.632014
0.065680	2.490595
0.065700	2.342271
0.065720	2.179475
0.065740	1.996619
0.065760	1.810802
0.065780	1.617092
0.065800	1.412858
0.065820	1.198100
0.065840	0.979724
0.065860	0.758718
0.065880	0.535738
0.065900	0.307496
0.065920	0.078267
0.065940	-0.148330
0.065960	-0.379532
0.065980	-0.603498
0.066000	-0.821874
0.066020	-1.041565
0.066040	-1.251061
0.066060	-1.453979
0.066080	-1.644399
0.066100	-1.829558
0.066120	-2.002548
0.066140	-2.166330
0.066160	-2.309063
0.066180	-2.448508
0.066200	-2.570193
0.066220	-2.675434
0.066240	-2.772782
0.066260	-2.836255
0.066280	-2.904004
0.066300	-2.943470
0.066320	-2.971425
0.066340	-2.987211
0.066360	-2.970109
0.066380	-2.954652
0.066400	-2.915515
0.066420	-2.848753
0.066440	-2.785937
0.066460	-2.692535
0.066480	-2.588281
0.066500	-2.472516
0.066520	-2.332085
0.066540	-2.194942
0.066560	-2.031489
0.066580	-1.866064
0.066600	-1.689785
0.066620	-1.494102
0.066640	-1.301379
0.066660	-1.095501
0.066680	-0.887650
0.066700	-0.667959
0.066720	-0.447610
0.066740	-0.230221
0.066760	-0.009872
0.066780	0.211463
0.066800	0.433127
0.066820	0.651174
0.066840	0.866590
0.066860	1.075428
0.066880	1.279333
0.066900	1.475016
0.066920	1.660504
0.066940	1.841716
0.066960	2.004512
0.066980	2.154481
0.067000	2.299516
0.067020	2.426793
0.067040	2.543545
0.067060	2.642867
0.067080	2.728046
0.067100	2.791520
0.067120	2.851376
0.067140	2.884593
0.067160	2.901695
0.067180	2.910903
0.067200	2.893802
0.067220	2.857954
0.067240	2.820133
0.067260	2.747450
0.067280	2.674768
0.067300	2.575446
0.067320	2.463298
0.067340	2.341942
0.067360	2.200524
0.067380	2.049239
0.067400	1.885128
0.067420	1.712467
0.067440	1.525006
0.067460	1.328665
0.067480	1.127062
0.067500	0.915593
0.067520	0.696888
0.067540	0.475224
0.067560	0.249284
0.067580	0.020056
0.067600	-0.207857
0.067620	-0.438072
0.067640	-0.666972
0.067660	-0.892583
0.067680	-1.114247
0.067700	-1.325716
0.067720	-1.532910
0.067740	-1.738788
0.067760	-1.936444
0.067780	-2.116998
0.067800	-2.289988
0.067820	-2.449165
0.067840	-2.599463
0.067860	-2.738250
0.067880	-2.866183
0.067900	-2.969122
0.067920	-3.062853
0.067940	-3.129286
0.067960	-3.198680
0.067980	-3.238474
0.068000	-3.265771
0.068020	-3.281886
0.068040	-3.267086
0.068060	-3.248669
0.068080	-3.211506
0.068100	-3.143099
0.068120	-3.076995
0.068140	-2.984580
0.068160	-2.891507
0.068180	-2.766533
0.068200	-2.633337
0.068220	-2.496195
0.068240	-2.334716
0.068260	-2.168303
0.068280	-1.985775
0.068300	-1.805879
0.068320	-1.604934
0.068340	-1.397412
0.068360	-1.188574
0.068380	-0.974802
0.068400	-0.749849
0.068420	-0.533447
0.068440	-0.310796
0.068460	-0.086172
0.068480	0.132203
0.068500	0.350908
0.068520	0.567639
0.068540	0.776806
0.068560	0.965911
0.068580	1.174092
0.068600	1.360895
0.068620	1.536516
0.068640	1.707205
0.068660	1.854214
0.068680	2.001223
0.068700	2.132775
0.068720	2.244922
0.068740	2.343586
0.068760	2.436330
0.068780	2.492898
0.068800	2.557358
0.068820	2.590246
0.068840	2.601757
0.068860	2.618858
0.068880	2.594850
0.068900	2.566895
0.068920	2.526443
0.068940	2.447512
0.068960	2.382723
0.068980	2.286032
0.069000	2.172569
0.069020	2.053515
0.069040	1.909794
0.069060	1.762456
0.069080	1.597688
0.069100	1.416476
0.069120	1.239210
0.069140	1.038922
0.069160	0.838306
0.069180	0.623548
0.069200	0.402542
0.069220	0.189099
0.069240	-0.039800
0.069260	-0.264425
0.069280	-0.498257
0.069300	-0.722224
0.069320	-0.950794
0.069340	-1.181667
0.069360	-1.401358
0.069380	-1.623022
0.069400	-1.822980
0.069420	-2.031161
0.069440	-2.226843
0.069460	-2.406082
0.069480	-2.580717
0.069500	-2.732001
0.069520	-2.889205
0.069540	-3.029307
0.069560	-3.148361
0.069580	-3.258536
0.069600	-3.354568
0.069620	-3.421002
0.069640	-3.492368
0.069660	-3.530518
0.069680	-3.555184
0.069700	-3.576890
0.069720	-3.562748
0.069740	-3.544660
0.069760	-3.506181
0.069780	-3.442050
0.069800	-3.377261
0.069820	-3.287477
0.069840	-3.186182
0.069860	-3.068444
0.069880	-2.941168
0.069900	-2.792843
0.069920	-2.639257
0.069940	-2.466925
0.069960	-2.288673
0.069980	-2.100225
0.070000	-1.902240
0.070020	-1.698993
0.070040	-1.490155
0.070060	-1.275726
0.070080	-1.055049
0.070100	-0.837660
0.070120	-0.610076
0.070140	-0.391701
0.070160	-0.166748
0.070180	0.052286
0.070200	0.267701
0.070220	0.470291
0.070240	0.674196
0.070260	0.872839
0.070280	1.057669
0.070300	1.234605
0.070320	1.397729
0.070340	1.555920
0.070360	1.699312
0.070380	1.830206
0.070400	1.942682
0.070420	2.045293
0.070440	2.136063
0.070460	2.196577
0.070480	2.256104
0.070500	2.287348
0.070520	2.313658
0.070540	2.318263
0.070560	2.300832
0.070580	2.270246
0.070600	2.224861
0.070620	2.161387
0.070640	2.082127
0.070660	1.992672
0.070680	1.879537
0.070700	1.760812
0.070720	1.621696
0.070740	1.470083
0.070760	1.309590
0.070780	1.129693
0.070800	0.949467
0.070820	0.742931
0.070840	0.544617
0.070860	0.333477
0.070880	0.113786
0.070900	-0.100972
0.070920	-0.330529
0.070940	-0.558113
0.070960	-0.785368
0.070980	-1.017228
0.071000	-1.241852
0.071020	-1.468449
0.071040	-1.694389
0.071060	-1.901911
0.071080	-2.115025
0.071100	-2.321560
0.071120	-2.507706
0.071140	-2.696482
0.071160	-2.874405
0.071180	-3.025690
0.071200	-3.182236
0.071220	-3.322667
0.071240	-3.445339
0.071260	-3.548278
0.071280	-3.645955
0.071300	-3.715677
0.071320	-3.787701
0.071340	-3.831771
0.071360	-3.856108
0.071380	-3.870579
0.071400	-3.864001
0.071420	-3.840322
0.071440	-3.800528
0.071460	-3.739356
0.071480	-3.677198
0.071500	-3.585770
0.071520	-3.482502
0.071540	-3.370026
0.071560	-3.244065
0.071580	-3.094425
0.071600	-2.936892
0.071620	-2.769493
0.071640	-2.593543
0.071660	-2.400162
0.071680	-2.206453
0.071700	-2.003206
0.071720	-1.792066
0.071740	-1.581255
0.071760	-1.354000
0.071780	-1.140228
0.071800	-0.919880
0.071820	-0.691967
0.071840	-0.476222
0.071860	-0.251927
0.071880	-0.040787
0.071900	0.167064
0.071920	0.373929
0.071940	0.565994
0.071960	0.752798
0.071980	0.929077
0.072000	1.103054
0.072020	1.256311
0.072040	1.397401
0.072060	1.533228
0.072080	1.645375
0.072100	1.746670
0.072120	1.838428
0.072140	1.891377
0.072160	1.961100
0.072180	1.993001
0.072200	2.024244
0.072220	2.039044
0.072240	2.027204
0.072260	2.008787
0.072280	1.971953
0.072300	1.906834
0.072320	1.845334
0.072340	1.754234
0.072360	1.653926
0.072380	1.539147
0.072400	1.405623
0.072420	1.259600
0.072440	1.105356
0.072460	0.941574
0.072480	0.761020
0.072500	0.567639
0.072520	0.376889
0.072540	0.170353
0.072560	-0.039143
0.072580	-0.252914
0.072600	-0.469316
0.072620	-0.686047
0.072640	-0.912644
0.072660	-1.137926
0.072680	-1.354986
0.072700	-1.568757
0.072720	-1.789106
0.072740	-2.000575
0.072760	-2.206453
0.072780	-2.395229
0.072800	-2.588281
0.072820	-2.764889
0.072840	-2.928999
0.072860	-3.080612
0.072880	-3.228937
0.072900	-3.356870
0.072920	-3.476253
0.072940	-3.574259
0.072960	-3.668647
0.072980	-3.729490
0.073000	-3.790004
0.073020	-3.829140
0.073040	-3.850517
0.073060	-3.857424
0.073080	-3.842624
0.073100	-3.814012
0.073120	-3.770600
0.073140	-3.705482
0.073160	-3.627866
0.073180	-3.539069
0.073200	-3.431855
0.073220	-3.301290
0.073240	-3.169410
0.073260	-3.011219
0.073280	-2.847108
0.073300	-2.680038
0.073320	-2.497182
0.073340	-2.302485
0.073360	-2.097594
0.073380	-1.883823
0.073400	-1.667750
0.073420	-1.443126
0.073440	-1.219488
0.073460	-0.990260
0.073480	-0.763991
0.073500	-0.532132
0.073520	-0.302574
0.073540	-0.084199
0.073560	0.139767
0.073580	0.358801
0.073600	0.567310
0.073620	0.772202
0.073640	0.970516
0.073660	1.152057
0.073680	1.328336
0.073700	1.484882
0.073720	1.637811
0.073740	1.778900
0.073760	1.897626
0.073780	2.013062
0.073800	2.104820
0.073820	2.176187
0.073840	2.246896
0.073860	2.287348
0.073880	2.319578
0.073900	2.334049
0.073920	2.324511
0.073940	2.307410
0.073960	2.267286
0.073980	2.204141
0.074000	2.140668
0.074020	2.058448
0.074040	1.953864
0.074060	1.836454
0.074080	1.705231
0.074100	1.558880
0.074120	1.413845
0.074140	1.238223
0.074160	1.063917
0.074180	0.875470
0.074200	0.684720
0.074220	0.474237
0.074240	0.265399
0.074260	0.051299
0.074280	-0.166748
0.074300	-0.388083
0.074320	-0.613036
0.074340	-0.834042
0.074360	-1.053076
0.074380	-1.274082
0.074400	-1.484893
0.074420	-1.695704
0.074440	-1.899938
0.074460	-2.092661
0.074480	-2.285055
0.074500	-2.461334
0.074520	-2.630377
0.074540	-2.785937
0.074560	-2.927684
0.074580	-3.058249
0.074600	-3.176645
0.074620	-3.272020
0.074640	-3.369368
0.074660	-3.428895
0.074680	-3.493026
0.074700	-3.529861
0.074720	-3.551567
0.074740	-3.566695
0.074760	-3.545318
0.074780	-3.516048
0.074800	-3.476253
0.074820	-3.405216
0.074840	-3.338124
0.074860	-3.241105
0.074880	-3.136851
0.074900	-3.015494
0.074920	-2.877365
0.074940	-2.722792
0.074960	-2.562300
0.074980	-2.384705
0.075000	-2.205466
0.075020	-2.006824
0.075040	-1.808510
0.075060	-1.592437
0.075080	-1.378665
0.075100	-1.154699
0.075120	-0.929088
0.075140	-0.702162
0.075160	-0.473920
0.075180	-0.246665
0.075200	-0.013819
0.075220	0.207517
0.075240	0.425892
0.075260	0.644597
0.075280	0.859026
0.075300	1.058984
0.075320	1.256311
0.075340	1.444759
0.075360	1.620381
0.075380	1.782518
0.075400	1.932158
0.075420	2.067985
0.075440	2.193288
0.075460	2.302147
0.075480	2.397851
0.075500	2.471191
0.075520	2.538283
0.075540	2.580708
0.075560	2.612610
0.075580	2.628725
0.075600	2.621489
0.075620	2.601757
0.075640	2.564922
0.075660	2.501448
0.075680	2.440606
0.075700	2.352795
0.075720	2.252158
0.075740	2.140010
0.075760	2.012405
0.075780	1.859805
0.075800	1.710494
0.075820	1.542436
0.075840	1.365170
0.075860	1.177052
0.075880	0.982684
0.075900	0.775161
0.075920	0.565994
0.075940	0.348934
0.075960	0.131546
0.075980	-0.087488
0.076000	-0.312441
0.076020	-0.529172
0.076040	-0.749521
0.076060	-0.966252
0.076080	-1.185943
0.076100	-1.394123
0.076120	-1.597041
0.076140	-1.795684
0.076160	-1.984460
0.076180	-2.163041
0.076200	-2.327151
0.076220	-2.488960
0.076240	-2.632022
0.076260	-2.762258
0.076280	-2.877036
0.076300	-2.981291
0.076320	-3.076337
0.076340	-3.133562
0.076360	-3.196049
0.076380	-3.228937
0.076400	-3.255905
0.076420	-3.270375
0.076440	-3.247354
0.076460	-3.224332
0.076480	-3.183222
0.076500	-3.119749
0.076520	-3.043778
0.076540	-2.947416
0.076560	-2.851384
0.076580	-2.724108
0.076600	-2.579401
0.076620	-2.433708
0.076640	-2.277162
0.076660	-2.100554
0.076680	-1.909147
0.076700	-1.719713
0.076720	-1.520741
0.076740	-1.302694
0.076760	-1.092870
0.076780	-0.868246
0.076800	-0.640991
0.076820	-0.416695
0.076840	-0.189440
0.076860	0.043406
0.076880	0.270661
0.076900	0.493970
0.076920	0.722541
0.076940	0.934668
0.076960	1.146137
0.076980	1.354317
0.077000	1.547369
0.077020	1.731213
0.077040	1.907492
0.077060	2.071932
0.077080	2.220585
0.077100	2.362661
0.077120	2.476782
0.077140	2.593535
0.077160	2.694172
0.077180	2.759619
0.077200	2.832630
0.077220	2.877687
0.077240	2.905313
0.077260	2.930965
0.077280	2.914850
0.077300	2.899393
0.077320	2.867491
0.077340	2.796124
0.077360	2.740544
0.077380	2.648458
0.077400	2.553411
0.077420	2.434686
0.077440	2.304121
0.077460	2.161716
0.077480	2.009774
0.077500	1.839414
0.077520	1.663464
0.077540	1.477976
0.077560	1.284924
0.077580	1.078388
0.077600	0.872839
0.077620	0.656107
0.077640	0.436087
0.077660	0.218698
0.077680	-0.010530
0.077700	-0.230221
0.077720	-0.447939
0.077740	-0.668288
0.077760	-0.882059
0.077780	-1.090568
0.077800	-1.298748
0.077820	-1.486538
0.077840	-1.683536
0.077860	-1.859486
0.077880	-2.034449
0.077900	-2.192640
0.077920	-2.329782
0.077940	-2.465938
0.077960	-2.579072
0.077980	-2.683656
0.078000	-2.768178
0.078020	-2.835927
0.078040	-2.900058
0.078060	-2.934590
0.078080	-2.960572
0.078100	-2.976029
0.078120	-2.962216
0.078140	-2.931301
0.078160	-2.893809
0.078180	-2.819483
0.078200	-2.751734
0.078220	-2.657674
0.078240	-2.552104
0.078260	-2.429104
0.078280	-2.295250
0.078300	-2.144624
0.078320	-1.983802
0.078340	-1.812127
0.078360	-1.622036
0.078380	-1.432602
0.078400	-1.227381
0.078420	-1.017557
0.078440	-0.801155
0.078460	-0.583766
0.078480	-0.354866
0.078500	-0.131886
0.078520	0.097342
0.078540	0.331175
0.078560	0.554484
0.078580	0.785686
0.078600	1.007350
0.078620	1.226712
0.078640	1.434235
0.078660	1.637811
0.078680	1.833494
0.078700	2.025231
0.078720	2.199208
0.078740	2.364635
0.078760	2.515919
0.078780	2.656351
0.078800	2.779023
0.078820	2.884264
0.078840	2.985888
0.078860	3.057255
0.078880	3.127964
0.078900	3.173021
0.078920	3.200318
0.078940	3.223668
0.078960	3.212486
0.078980	3.196700
0.079000	3.159208
0.079020	3.103956
0.079040	3.042455
0.079060	2.948067
0.079080	2.854994
0.079100	2.733308
0.079120	2.606032
0.079140	2.458036
0.079160	2.309054
0.079180	2.145930
0.079200	1.960113
0.079220	1.783834
0.079240	1.586506
0.079260	1.386548
0.079280	1.180012
0.079300	0.958676
0.079320	0.742931
0.079340	0.524556
0.079360	0.297300
0.079380	0.078596
0.079400	-0.144055
0.079420	-0.365719
0.079440	-0.574886
0.079460	-0.787671
0.079480	-0.995522
0.079500	-1.187587
0.079520	-1.376363
0.079540	-1.557575
0.079560	-1.728263
0.079580	-1.883823
0.079600	-2.031161
0.079620	-2.160410
0.079640	-2.278477
0.079660	-2.387336
0.079680	-2.472845
0.079700	-2.535003
0.079720	-2.601765
0.079740	-2.643861
0.079760	-2.662279
0.079780	-2.674776
0.079800	-2.666225
0.079820	-2.639915
0.079840	-2.590912
0.079860	-2.528425
0.079880	-2.458703
0.079900	-2.365630
0.079920	-2.261376
0.079940	-2.137717
0.079960	-2.000904
0.079980	-1.846989
0.080000	-1.693402
0.080020	-1.519754
0.080040	-1.335911
0.080060	-1.135953
0.080080	-0.936981
0.080100	-0.732090
0.080120	-0.514043
0.080140	-0.293695
0.080160	-0.065453
0.080180	0.156540
0.080200	0.387084
0.080220	0.624206
0.080240	0.845213
0.080260	1.074770
0.080280	1.295119
0.080300	1.513824
0.080320	1.723320
0.080340	1.928212
0.080360	2.124881
0.080380	2.306752
0.080400	2.487635
0.080420	2.650760
0.080440	2.798756
0.080460	2.943463
0.080480	3.068108
0.080500	3.183545
0.080520	3.281222
0.080540	3.347985
0.080560	3.424285
0.080580	3.468355
0.080600	3.497625
0.080620	3.518344
0.080640	3.502887
0.080660	3.489732
0.080680	3.458817
0.080700	3.398303
0.080720	3.334501
0.080740	3.246690
0.080760	3.150328
0.080780	3.038838
0.080800	2.908930
0.080820	2.762579
0.080840	2.611623
0.080860	2.446854
0.080880	2.271233
0.080900	2.083443
0.080920	1.883813
0.080940	1.688459
0.080960	1.477647
0.080980	1.263547
0.081000	1.043527
0.081020	0.824493
0.081040	0.600856
0.081060	0.376560
0.081080	0.155883
0.081100	-0.059533
0.081120	-0.271331
0.081140	-0.485102
0.081160	-0.690980
0.081180	-0.886334
0.081200	-1.074453
0.081220	-1.258625
0.081240	-1.425366
0.081260	-1.587174
0.081280	-1.724646
0.081300	-1.860473
0.081320	-1.980184
0.081340	-2.081479
0.081360	-2.174552
0.081380	-2.246247
0.081400	-2.301828
0.081420	-2.344253
0.081440	-2.370563
0.081460	-2.380759
0.081480	-2.367275
0.081500	-2.340964
0.081520	-2.300841
0.081540	-2.235394
0.081560	-2.164028
0.081580	-2.077532
0.081600	-1.969331
0.081620	-1.842384
0.081640	-1.713135
0.081660	-1.561193
0.081680	-1.401029
0.081700	-1.227052
0.081720	-1.043538
0.081740	-0.851802
0.081760	-0.647568
0.081780	-0.443335
0.081800	-0.225288
0.081820	-0.004610
0.081840	0.219685
0.081860	0.449571
0.081880	0.672551
0.081900	0.908029
